00000011	1941	6	17	77
00000011	1949	5	27	85
00000011	1961	11	1	43.34
00000011	1961	12	1	43.09
00000011	1962	1	1	41.86
00000011	1962	2	1	41.34
00000011	1962	3	1	41.37
00000011	1962	4	1	41.53
00000011	1962	4	12	40.12
00000011	1962	5	1	42.34
00000011	1962	9	1	43.95
00000011	1963	1	1	42.74
00000011	1963	2	1	42.64
00000011	1963	3	1	42.17
00000011	1963	4	1	42.36
00000011	1963	5	1	42.62
00000011	1963	6	1	42.84
00000011	1963	7	1	42.58
00000011	1963	11	1	43.81
00000011	1963	12	1	43.75
00000011	1964	1	1	43.29
00000011	1964	2	1	42.76
00000011	1964	3	1	42.4
00000011	1964	4	1	42.13
00000011	1964	5	1	42.23
00000011	1964	6	1	42.58
00000011	1964	7	1	43.08
00000011	1964	8	1	43.02
00000011	1964	9	1	43.55
00000011	1964	10	1	43.32
00000011	1964	11	1	42.84
00000011	1964	11	3	43.3
00000011	1964	12	1	42.68
00000011	1965	1	1	42.33
00000011	1965	3	1	41.81
00000011	1965	4	1	41.72
00000011	1965	5	1	42.85
00000011	1965	6	1	42.57
00000011	1965	7	1	42.97
00000011	1965	8	1	43.31
00000011	1965	9	1	43.86
00000011	1965	10	1	44.16
00000011	1965	11	1	44.34
00000011	1965	12	1	44.47
00000011	1966	1	1	44.02
00000011	1966	2	1	43.47
00000011	1966	3	1	42.81
00000011	1966	4	1	42.99
00000011	1966	10	1	45.28
00000011	1966	11	1	45.32
00000011	1966	12	1	44.83
00000011	1967	1	1	44.6
00000011	1967	2	1	44.51
00000011	1967	3	1	44.28
00000011	1967	4	1	44.66
00000011	1967	5	1	44.95
00000011	1967	9	1	46.69
00000011	1967	10	1	47.08
00000011	1967	11	1	46.87
00000011	1967	12	1	46.4
00000011	1968	1	1	45.55
00000011	1968	2	1	45.5
00000011	1968	3	1	45.54
00000011	1968	4	1	45.63
00000011	1968	5	1	45.78
00000011	1968	6	1	45.5
00000011	1968	7	1	46.16
00000011	1968	8	1	46.32
00000011	1968	9	1	46.52
00000011	1968	10	1	47.31
00000011	1968	11	1	47.1
00000011	1968	11	2	47.34
00000011	1969	1	1	45.5
00000011	1969	2	1	45
00000011	1969	3	1	45
00000011	1969	4	1	44.9
00000011	1969	5	1	44.6
00000011	1969	6	1	45.2
00000011	1969	7	1	46
00000011	1969	8	1	46.6
00000011	1969	9	1	46.8
00000011	1969	10	1	46.7
00000011	1969	11	1	46.7
00000011	1969	12	1	46.6
00000011	1970	1	1	46.2
00000011	1970	2	1	45.9
00000011	1970	3	1	45.7
00000011	1970	4	1	45.4
00000011	1970	5	1	45.8
00000011	1970	6	1	45.6
00000011	1970	7	1	46.3
00000011	1970	8	1	46.5
00000011	1970	9	1	46.8
00000011	1970	10	1	47
00000011	1970	11	1	46.8
00000011	1970	12	1	46.7
00000011	1971	1	1	46.5
00000011	1971	2	1	46.2
00000011	1971	3	1	45.7
00000011	1971	4	1	45.6
00000011	1971	5	1	45.6
00000011	1971	6	1	45.9
00000011	1971	7	1	46.3
00000011	1971	8	1	46.5
00000011	1971	9	1	46.8
00000011	1971	10	1	47.47
00000011	1971	11	1	47.8
00000011	1971	12	1	47.5
00000011	1972	1	1	46.6
00000011	1972	2	1	46.1
00000011	1972	3	1	46
00000011	1972	4	1	46.3
00000011	1972	5	1	46.7
00000011	1972	6	1	47.4
00000011	1972	7	1	48.1
00000011	1972	8	1	48.6
00000011	1972	9	1	49.2
00000011	1972	10	1	49.4
00000011	1972	11	1	49.3
00000011	1972	12	1	49.2
00000011	1973	1	1	48.6
00000011	1973	2	1	48.2
00000011	1973	3	1	48.3
00000011	1973	4	1	47.7
00000011	1973	5	1	47.7
00000011	1973	6	1	47.9
00000011	1973	7	1	48
00000011	1973	8	1	49.6
00000011	1973	9	1	50.2
00000011	1973	10	1	50.5
00000011	1973	11	1	50.7
00000011	1973	12	1	50.5
00000011	1974	1	1	49.9
00000011	1974	2	1	49.5
00000011	1974	3	1	49.5
00000011	1974	4	1	49.4
00000011	1974	5	1	49.4
00000011	1974	6	1	49.6
00000011	1974	7	1	50.3
00000011	1974	8	1	50.7
00000011	1974	9	1	50.6
00000011	1974	10	1	50.5
00000011	1974	11	1	50.5
00000011	1974	12	1	50.1
00000011	1975	1	1	49.9
00000011	1975	2	1	49.54
00000011	1975	3	1	49.42
00000011	1975	4	1	46.92
00000011	1975	5	1	47.84
00000011	1975	6	1	48.44
00000011	1975	7	1	49.17
00000011	1975	8	1	49.43
00000011	1975	9	1	50.26
00000011	1975	10	1	50.54
00000011	1975	11	1	50.81
00000011	1975	12	1	50.68
00000011	1976	1	1	50.18
00000011	1976	2	1	50.1
00000011	1976	3	1	50.16
00000011	1976	4	1	50.15
00000011	1976	5	1	50.26
00000011	1976	6	1	50.83
00000011	1976	7	1	51.46
00000011	1976	8	1	51.8
00000011	1976	9	1	52.05
00000011	1976	10	1	52.58
00000011	1976	11	1	52.76
00000011	1976	12	1	52.75
00000011	1977	1	1	52.33
00000011	1977	2	1	52.27
00000011	1977	3	1	52.17
00000011	1977	4	1	51.74
00000011	1977	5	1	52.26
00000011	1977	6	1	52.98
00000011	1977	7	1	53.62
00000011	1977	8	1	55.62
00000011	1977	9	1	55.57
00000011	1977	10	1	55.72
00000011	1977	11	1	55.62
00000011	1977	12	1	55.22
00000011	1978	1	1	55.07
00000011	1978	2	1	54.96
00000011	1978	3	1	54.85
00000011	1978	4	1	55.11
00000011	1978	5	1	55.11
00000011	1978	6	1	55.37
00000011	1978	7	1	56
00000011	1978	8	1	56.5
00000011	1978	9	1	56.99
00000011	1978	10	1	57.38
00000011	1978	11	1	57.44
00000011	1978	12	1	57.16
00000011	1979	1	1	57.12
00000011	1979	2	1	56.49
00000011	1979	3	1	56.13
00000011	1979	4	1	55.89
00000011	1979	5	1	55.85
00000011	1979	6	1	56.2
00000011	1979	7	1	56.67
00000011	1979	8	1	56.94
00000011	1979	9	1	57.17
00000011	1979	10	1	57.44
00000011	1979	11	1	57.49
00000011	1979	12	1	57.2
00000011	1980	1	1	56.98
00000011	1980	2	1	56.81
00000011	1980	3	1	56.81
00000011	1980	4	1	56.6
00000011	1980	5	1	56.49
00000011	1980	6	1	57.13
00000011	1980	7	1	57.97
00000011	1980	8	1	59.25
00000011	1980	9	1	59.78
00000011	1980	10	1	59.99
00000011	1980	11	1	59.96
00000011	1980	12	1	59.66
00000011	1981	1	1	59.46
00000011	1981	2	1	59.46
00000011	1981	3	1	59.25
00000011	1981	4	1	59.17
00000011	1981	5	1	59.08
00000011	1981	6	1	59.5
00000011	1981	7	1	60.31
00000011	1981	8	1	60.9
00000011	1981	9	1	61.34
00000011	1981	10	1	61.48
00000011	1981	11	1	61.32
00000011	1981	12	1	60.94
00000011	1982	1	1	60.55
00000011	1982	2	1	59.8
00000011	1982	3	1	59.31
00000011	1982	4	1	59.37
00000011	1982	5	1	59.54
00000011	1982	6	1	60.06
00000011	1982	7	1	60.59
00000011	1982	8	1	61.09
00000011	1982	9	1	61.69
00000011	1982	10	1	62.01
00000011	1982	11	1	62.09
00000011	1982	12	1	61.99
00000011	1983	1	1	61.23
00000011	1983	2	1	60.63
00000011	1983	3	1	60.11
00000011	1983	4	1	59.8
00000011	1983	5	1	59.52
00000011	1983	6	1	59.74
00000011	1983	7	1	60.09
00000011	1983	8	1	60.75
00000011	1983	9	1	61.19
00000011	1983	10	1	61.55
00000011	1983	11	1	61.72
00000011	1983	12	1	61.52
00000011	1984	1	1	60.62
00000011	1984	2	1	60.11
00000011	1984	3	1	60.04
00000011	1984	4	1	59.83
00000011	1984	5	1	59.77
00000011	1984	6	1	60.22
00000011	1984	7	1	61.16
00000011	1984	8	1	61.35
00000011	1984	9	1	61.68
00000011	1984	10	1	61.88
00000011	1984	11	1	61.8
00000011	1984	12	1	61.39
00000011	1985	1	1	60.81
00000011	1985	2	1	60.71
00000011	1985	3	1	60.47
00000011	1985	4	1	60.34
00000011	1985	6	1	61.15
00000011	1985	7	1	61.89
00000011	1985	8	1	62.33
00000011	1985	9	1	62.87
00000011	1985	10	1	62.91
00000011	1985	11	1	62.89
00000011	1985	12	1	62.82
00000011	1986	1	1	62.36
00000011	1986	2	1	62.3
00000011	1986	3	1	62.22
00000011	1986	4	1	62.58
00000011	1986	5	1	63.58
00000011	1986	6	1	64.47
00000011	1986	7	1	65.52
00000011	1986	9	1	66.8
00000011	1986	10	1	66.98
00000011	1986	11	1	66.97
00000011	1986	12	1	66.35
00000011	1987	1	1	64.98
00000011	1987	2	1	64.08
00000011	1987	3	1	63.43
00000011	1987	4	1	62.96
00000011	1987	5	1	63.07
00000011	1987	6	1	63.66
00000011	1987	7	1	64.2
00000011	1987	8	1	64.92
00000011	1987	9	1	65.24
00000011	1987	10	1	65.69
00000011	1987	11	1	65.9
00000011	1987	12	1	65.89
00000011	1988	1	1	65.56
00000011	1988	2	1	64.89
00000011	1988	3	1	64.1
00000011	1988	4	1	63.91
00000011	1988	5	1	64.41
00000011	1988	6	1	65.73
00000011	1988	7	1	66.94
00000011	1988	8	1	67.52
00000011	1988	9	1	67.66
00000011	1988	10	1	65.69
00000011	1988	11	1	65.9
00000011	1988	12	1	65.89
00000011	1989	1	1	65.56
00000011	1989	2	1	64.89
00000011	1989	3	1	64.1
00000011	1989	4	1	63.91
00000011	1989	5	1	64.41
00000011	1989	6	1	65.73
00000011	1989	7	1	66.94
00000011	1989	8	1	67.52
00000011	1989	9	1	67.66
00000011	1989	10	1	66.1
00000011	1989	11	1	65.93
00000011	1989	12	1	65.52
00000011	1990	1	1	65.1
00000011	1990	2	1	64.35
00000011	1990	3	1	63.77
00000011	1990	4	1	63.43
00000011	1990	5	1	63.43
00000011	1990	6	1	64.43
00000011	1990	7	1	65.68
00000011	1990	8	1	67.02
00000011	1990	9	1	67.93
00000011	1990	10	1	68.18
00000011	1990	11	1	68.18
00000011	1990	12	1	68.35
00000011	1991	1	1	68.1
00000011	1991	2	1	67.27
00000011	1991	3	1	66.27
00000011	1991	4	1	65.52
00000011	1991	5	1	65.85
00000011	1991	6	1	65.27
00000011	1991	7	1	65.68
00000011	1991	8	1	66.02
00000011	1991	11	1	66.43
00000011	1991	12	1	65.85
00000011	1992	1	1	65.68
00000011	1992	2	1	64.93
00000011	1992	3	1	64.52
00000011	1992	4	1	64.27
00000011	1992	5	1	64.68
00000011	1992	6	1	65.77
00000011	1992	7	1	66.77
00000011	1992	8	1	67.35
00000011	1992	9	1	67.43
00000011	1992	10	1	67.27
00000011	1992	11	1	67.1
00000011	1992	12	1	66.6
00000011	1993	1	1	65.68
00000011	1993	2	1	65.1
00000011	1993	3	1	64.85
00000011	1993	4	1	64.68
00000011	1993	5	1	65.1
00000011	1993	6	1	65.93
00000011	1993	7	1	67.02
00000011	1993	8	1	68.02
00000011	1993	9	1	68.18
00000011	1993	10	1	67.93
00000011	1993	11	1	67.77
00000011	1993	12	1	67.1
00000011	1994	1	1	66.43
00000011	1994	2	1	65.93
00000011	1994	3	1	65.6
00000011	1994	4	1	65.43
00000011	1994	5	1	66.02
00000011	1994	6	1	66.6
00000011	1994	7	1	65.43
00000011	1994	8	1	65.18
00000011	1994	9	1	65.27
00000011	1994	10	1	66.18
00000011	1994	11	1	66.85
00000011	1994	12	1	66.85
00000011	1995	1	1	66.6
00000011	1995	2	1	66.35
00000011	1995	3	1	66.18
00000011	1995	4	1	66.02
00000011	1995	5	1	66.35
00000011	1995	6	1	67.43
00000011	1995	7	1	68.27
00000011	1995	8	1	68.27
00000011	1995	9	1	68.18
00000011	1995	10	1	69.85
00000011	1995	11	1	69.68
00000011	1995	12	1	69.02
00000011	1996	1	1	68.1
00000011	1996	2	1	67.43
00000011	1996	3	1	67.88
00000011	1996	4	1	67.72
00000011	1996	5	1	68.13
00000011	1996	6	1	68.8
00000011	1996	7	1	69.05
00000011	1996	8	1	69.22
00000011	1996	9	1	69.22
00000011	1996	10	1	69.27
00000011	1996	11	1	68.6
00000011	1996	12	1	68.52
00000011	1997	1	1	69.52
00000011	1997	2	1	71.85
00000011	1997	3	1	72.27
00000011	1997	4	1	69.35
00000011	1997	5	1	68.52
00000011	1997	6	1	67.77
00000011	1997	7	1	68.18
00000011	1997	8	1	68.6
00000011	1997	9	1	69.85
00000011	1997	10	1	69.23
00000011	1998	1	1	68.92
00000011	1998	2	1	67.7
00000011	1998	4	1	67.25
00000011	1998	6	1	68.04
00000011	1998	8	1	70.57
00000011	1998	10	1	71.84
00000011	1999	5	1	70.17
00000011	1999	7	1	71.85
00000011	2000	1	1	72.77
00000011	2000	2	1	72.02
00000011	2000	3	1	71.52
00000011	2000	4	1	71.43
00000011	2000	5	1	71.27
00000011	2000	6	1	72.27
00000011	2000	7	1	73.02
00000011	2000	8	1	73.02
00000011	2000	9	1	76.77
00000011	2000	10	1	78.52
00000011	2000	11	1	78.68
00000011	2000	12	1	79.02
00000011	2001	1	1	78.35
00000011	2001	2	1	77.19
00000011	2001	3	1	76.06
00000011	2001	4	1	74.82
00000011	2001	5	1	74.1
00000011	2001	6	1	73.93
00000011	2001	7	1	74.27
00000011	2001	8	1	75.6
00000011	2001	9	1	75.77
00000011	2001	10	1	76.02
00000011	2001	11	1	75.85
00000011	2001	12	1	75.52
00000011	2002	1	1	74.35
00000011	2002	2	1	73.43
00000011	2002	3	1	72.68
00000011	2002	4	1	72.02
00000011	2002	5	1	72.27
00000011	2002	6	1	73.1
00000011	2002	7	1	74.85
00000011	2002	10	1	77.52
00000011	2002	11	1	77.52
00000011	2002	12	1	76.85
00000011	2003	1	1	75.77
00000011	2003	2	1	74.93
00000011	2003	3	1	74.02
00000011	2003	4	1	73.27
00000011	2003	5	1	72.77
00000011	2003	6	1	72.02
00000011	2003	7	1	71.68
00000011	2003	8	1	71.35
00000011	2003	9	1	71.35
00000011	2003	10	1	71.35
00000011	2003	10	2	71.36
00000011	2003	10	3	71.38
00000011	2003	10	4	71.38
00000011	2003	10	5	71.37
00000011	2003	10	6	71.4
00000011	2003	10	7	71.42
00000011	2003	10	8	71.43
00000011	2003	10	9	71.43
00000011	2003	10	10	71.43
00000011	2003	10	11	71.43
00000011	2003	10	12	71.43
00000011	2003	10	13	71.43
00000011	2003	10	14	71.43
00000011	2003	10	15	71.43
00000011	2003	10	16	71.43
00000011	2003	10	17	71.43
00000011	2003	10	18	71.43
00000011	2003	10	19	71.43
00000011	2003	10	20	71.43
00000011	2003	10	21	71.42
00000011	2003	10	22	71.42
00000011	2003	10	23	71.42
00000011	2003	10	24	71.41
00000011	2003	10	25	71.43
00000011	2003	10	26	71.43
00000011	2003	10	27	71.43
00000011	2003	10	28	71.43
00000011	2003	10	29	71.42
00000011	2003	10	30	71.42
00000011	2003	10	31	71.41
00000011	2003	11	1	71.42
00000011	2003	11	2	71.42
00000011	2003	11	3	71.42
00000011	2003	11	4	71.4
00000011	2003	11	5	71.4
00000011	2003	11	6	71.41
00000011	2003	11	7	71.43
00000011	2003	11	8	71.43
00000011	2003	11	9	71.43
00000011	2003	11	10	71.43
00000011	2003	11	11	71.42
00000011	2003	11	12	71.42
00000011	2003	11	13	71.43
00000011	2003	11	14	71.43
00000011	2003	11	15	71.43
00000011	2003	11	16	71.42
00000011	2003	11	17	71.42
00000011	2003	11	18	71.43
00000011	2003	11	19	71.43
00000011	2003	11	20	71.41
00000011	2003	11	21	71.4
00000011	2003	11	22	71.38
00000011	2003	11	23	71.37
00000011	2003	11	24	71.4
00000011	2003	11	25	71.38
00000011	2003	11	26	71.36
00000011	2003	11	27	71.35
00000011	2003	11	28	71.35
00000011	2003	11	29	71.35
00000011	2003	11	30	71.35
00000011	2003	12	1	71.3
00000011	2003	12	2	71.29
00000011	2003	12	3	71.23
00000011	2003	12	4	71.27
00000011	2003	12	5	71.27
00000011	2003	12	6	71.27
00000011	2003	12	7	71.27
00000011	2003	12	8	71.22
00000011	2003	12	9	71.18
00000011	2003	12	10	71.13
00000011	2003	12	11	71.1
00000011	2003	12	12	71.1
00000011	2003	12	13	71.1
00000011	2003	12	14	71.1
00000011	2003	12	15	71.1
00000011	2003	12	16	71.06
00000011	2003	12	17	71.07
00000011	2003	12	18	71.05
00000011	2003	12	19	71.02
00000011	2003	12	20	71.02
00000011	2003	12	21	71.02
00000011	2003	12	22	70.99
00000011	2003	12	23	70.95
00000011	2003	12	24	70.94
00000011	2003	12	25	70.95
00000011	2003	12	26	70.93
00000011	2003	12	27	70.93
00000011	2003	12	28	70.93
00000011	2003	12	29	70.89
00000011	2003	12	30	70.9
00000011	2003	12	31	70.88
00000011	2004	1	1	70.85
00000011	2004	1	2	70.85
00000011	2004	1	3	70.85
00000011	2004	1	4	70.82
00000011	2004	1	5	70.84
00000011	2004	1	6	70.85
00000011	2004	1	7	70.85
00000011	2004	1	8	70.8
00000011	2004	1	9	70.77
00000011	2004	1	10	70.77
00000011	2004	1	11	70.74
00000011	2004	1	12	70.72
00000011	2004	1	13	70.68
00000011	2004	1	14	70.68
00000011	2004	1	15	70.68
00000011	2004	1	16	70.68
00000011	2004	1	17	70.68
00000011	2004	1	18	70.68
00000011	2004	1	19	70.68
00000011	2004	1	20	70.68
00000011	2004	1	21	70.65
00000011	2004	1	22	70.63
00000011	2004	1	23	70.6
00000011	2004	1	24	70.6
00000011	2004	1	25	70.58
00000011	2004	1	26	70.54
00000011	2004	1	27	70.62
00000011	2004	1	28	70.71
00000011	2004	1	29	70.68
00000011	2004	1	30	70.68
00000011	2004	1	31	70.66
00000011	2004	2	1	70.63
00000011	2004	2	2	70.6
00000011	2004	2	3	70.6
00000011	2004	2	4	70.6
00000011	2004	2	5	70.6
00000011	2004	2	6	70.6
00000011	2004	2	7	70.6
00000011	2004	2	8	70.57
00000011	2004	2	9	70.54
00000011	2004	2	10	70.52
00000011	2004	2	11	70.52
00000011	2004	2	12	70.47
00000011	2004	2	13	70.43
00000011	2004	2	14	70.43
00000011	2004	2	15	70.43
00000011	2004	2	16	70.43
00000011	2004	2	17	70.43
00000011	2004	2	18	70.43
00000011	2004	2	19	70.42
00000011	2004	2	20	70.38
00000011	2004	2	21	70.36
00000011	2004	2	22	70.35
00000011	2004	2	23	70.35
00000011	2004	2	24	70.35
00000011	2004	2	25	70.32
00000011	2004	2	26	70.29
00000011	2004	2	27	70.27
00000011	2004	2	28	70.27
00000011	2004	2	29	70.23
00000011	2004	3	1	70.2
00000011	2004	3	2	70.18
00000011	2004	3	3	70.18
00000011	2004	3	4	70.18
00000011	2004	3	5	70.18
00000011	2004	3	6	70.17
00000011	2004	3	7	70.16
00000011	2004	3	8	70.17
00000011	2004	3	9	70.15
00000011	2004	3	10	70.15
00000011	2004	3	11	70.13
00000011	2004	3	12	70.08
00000011	2004	3	13	70.07
00000011	2004	3	14	70.05
00000011	2004	3	15	70.03
00000011	2004	3	16	70.02
00000011	2004	3	17	70.02
00000011	2004	3	18	70.02
00000011	2004	3	19	70.01
00000011	2004	3	20	70
00000011	2004	3	21	70.02
00000011	2004	3	22	70.02
00000011	2004	3	23	70.01
00000011	2004	3	24	70
00000011	2004	3	25	69.99
00000011	2004	3	26	69.98
00000011	2004	3	27	69.98
00000011	2004	3	28	69.98
00000011	2004	3	29	69.97
00000011	2004	3	30	69.98
00000011	2004	3	31	69.98
00000011	2004	4	1	69.98
00000011	2004	4	2	69.97
00000011	2004	4	3	69.96
00000011	2004	4	4	69.97
00000011	2004	4	5	69.95
00000011	2004	4	6	69.94
00000011	2004	4	7	69.93
00000011	2004	4	8	69.93
00000011	2004	4	9	69.93
00000011	2004	4	10	69.93
00000011	2004	4	11	69.93
00000011	2004	4	12	69.93
00000011	2004	4	13	69.93
00000011	2004	4	14	69.93
00000011	2004	4	15	69.93
00000011	2004	4	16	69.93
00000011	2004	4	17	69.93
00000011	2004	4	18	69.93
00000011	2004	4	19	69.93
00000011	2004	4	20	69.93
00000011	2004	4	21	69.93
00000011	2004	4	22	69.93
00000011	2004	4	23	69.93
00000011	2004	4	24	69.93
00000011	2004	4	25	69.93
00000011	2004	4	26	69.94
00000011	2004	4	27	69.98
00000011	2004	4	28	69.98
00000011	2004	4	29	70.01
00000011	2004	4	30	70.02
00000011	2004	5	1	70.01
00000011	2004	5	2	70.02
00000011	2004	5	3	70.02
00000011	2004	5	4	70.02
00000011	2004	5	5	70.02
00000011	2004	5	6	70.02
00000011	2004	5	7	70.02
00000011	2004	5	8	70.02
00000011	2004	5	9	70.02
00000011	2004	5	10	70.03
00000011	2004	5	11	70.07
00000011	2004	5	12	70.1
00000011	2004	5	13	70.1
00000011	2004	5	14	70.1
00000011	2004	5	15	70.13
00000011	2004	5	16	70.15
00000011	2004	5	17	70.18
00000011	2004	5	18	70.18
00000011	2004	5	19	70.18
00000011	2004	5	20	70.18
00000011	2004	5	21	70.18
00000011	2004	5	22	70.18
00000011	2004	5	23	70.18
00000011	2004	5	24	70.21
00000011	2004	5	25	70.27
00000011	2004	5	26	70.27
00000011	2004	5	27	70.27
00000011	2004	5	28	70.27
00000011	2004	5	29	70.31
00000011	2004	5	30	70.35
00000011	2004	5	31	70.35
00000011	2004	6	1	70.35
00000011	2004	6	2	70.35
00000011	2004	6	3	70.35
00000011	2004	6	4	70.43
00000011	2004	6	5	70.43
00000011	2004	6	6	70.43
00000011	2004	6	7	70.43
00000011	2004	6	8	70.43
00000011	2004	6	9	70.43
00000011	2004	6	10	70.43
00000011	2004	6	11	70.43
00000011	2004	6	12	70.43
00000011	2004	6	13	70.43
00000011	2004	6	14	70.52
00000011	2004	6	15	70.52
00000011	2004	6	16	70.52
00000011	2004	6	17	70.52
00000011	2004	6	18	70.52
00000011	2004	6	19	70.57
00000011	2004	6	20	70.6
00000011	2004	6	21	70.6
00000011	2004	6	22	70.6
00000011	2004	6	23	70.6
00000011	2004	6	24	70.67
00000011	2004	6	25	70.68
00000011	2004	6	26	70.68
00000011	2004	6	27	70.68
00000011	2004	6	28	70.73
00000011	2004	6	29	70.77
00000011	2004	6	30	70.77
00000011	2004	7	1	70.77
00000011	2004	7	2	70.77
00000011	2004	7	3	70.83
00000011	2004	7	4	70.85
00000011	2004	7	5	70.85
00000011	2004	7	6	70.85
00000011	2004	7	7	70.85
00000011	2004	7	8	70.85
00000011	2004	7	9	70.85
00000011	2004	7	10	70.85
00000011	2004	7	11	70.85
00000011	2004	7	12	70.91
00000011	2004	7	13	70.87
00000011	2004	7	14	70.93
00000011	2004	7	15	70.95
00000011	2004	7	16	71.02
00000011	2004	7	17	71.02
00000011	2004	7	18	71.02
00000011	2004	7	19	71.02
00000011	2004	7	20	70.05
00000011	2004	7	21	71.1
00000011	2004	7	22	71.1
00000011	2004	7	23	71.1
00000011	2004	7	24	71.1
00000011	2004	7	25	71.17
00000011	2004	7	26	71.18
00000011	2004	7	27	71.18
00000011	2004	7	28	71.27
00000011	2004	7	29	71.27
00000011	2004	7	30	71.27
00000011	2004	7	31	71.27
00000011	2004	8	1	71.27
00000011	2004	8	2	71.29
00000011	2004	8	3	71.35
00000011	2004	8	4	71.35
00000011	2004	8	5	71.4
00000011	2004	8	6	71.43
00000011	2004	8	7	71.43
00000011	2004	8	8	71.52
00000011	2004	8	9	71.52
00000011	2004	8	10	71.55
00000011	2004	8	11	71.6
00000011	2004	8	12	71.6
00000011	2004	8	13	71.68
00000011	2004	8	14	71.68
00000011	2004	8	15	71.75
00000011	2004	8	16	71.77
00000011	2004	8	17	71.77
00000011	2004	8	18	71.77
00000011	2004	8	19	71.79
00000011	2004	8	20	71.85
00000011	2004	8	21	71.86
00000011	2004	8	22	71.93
00000011	2004	8	23	71.93
00000011	2004	8	24	71.95
00000011	2004	8	25	72.02
00000011	2004	8	26	72.02
00000011	2004	8	27	72.02
00000011	2004	8	28	72.05
00000011	2004	8	29	72.1
00000011	2004	8	30	72.1
00000011	2004	8	31	72.12
00000011	2004	9	1	72.18
00000011	2004	9	2	72.18
00000011	2004	9	3	72.18
00000011	2004	9	4	72.18
00000011	2004	9	5	72.18
00000011	2004	9	6	72.19
00000011	2004	9	7	72.27
00000011	2004	9	8	72.27
00000011	2004	9	9	72.27
00000011	2004	9	10	72.28
00000011	2004	9	11	72.35
00000011	2004	9	12	72.35
00000011	2004	9	13	72.35
00000011	2004	9	14	72.4
00000011	2004	9	15	72.43
00000011	2004	9	16	72.43
00000011	2004	9	17	72.43
00000011	2004	9	18	72.43
00000011	2004	9	19	72.43
00000011	2004	9	20	72.43
00000011	2004	9	21	72.43
00000011	2004	9	22	72.43
00000011	2004	9	23	72.43
00000011	2004	9	24	72.45
00000011	2004	9	25	72.47
00000011	2004	9	26	72.48
00000011	2004	9	27	72.5
00000011	2004	9	28	72.51
00000011	2004	9	29	72.51
00000011	2004	9	30	72.52
00000011	2004	10	1	72.52
00000011	2004	10	2	72.52
00000011	2004	10	3	72.52
00000011	2004	10	4	72.48
00000011	2004	10	5	72.43
00000011	2004	10	6	72.43
00000011	2004	10	7	72.43
00000011	2004	10	8	72.48
00000011	2004	10	9	72.51
00000011	2004	10	10	72.52
00000011	2004	10	11	72.51
00000011	2004	10	12	72.48
00000011	2004	10	13	72.52
00000011	2004	10	14	72.52
00000011	2004	10	15	72.52
00000011	2004	10	16	72.49
00000011	2004	10	17	72.48
00000011	2004	10	18	72.48
00000011	2004	10	19	72.45
00000011	2004	10	20	72.44
00000011	2004	10	21	72.43
00000011	2004	10	22	72.43
00000011	2004	10	23	72.43
00000011	2004	10	24	72.43
00000011	2004	10	25	72.43
00000011	2004	10	26	72.43
00000011	2004	10	27	72.42
00000011	2004	10	28	72.38
00000011	2004	10	29	72.35
00000011	2004	10	30	72.35
00000011	2004	10	31	72.35
00000011	2004	11	1	72.35
00000011	2004	11	2	72.35
00000011	2004	11	3	72.34
00000011	2004	11	4	72.28
00000011	2004	11	5	72.28
00000011	2004	11	6	72.27
00000011	2004	11	7	72.27
00000011	2004	11	8	72.26
00000011	2004	11	9	72.22
00000011	2004	11	10	72.18
00000011	2004	11	11	72.18
00000011	2004	11	12	72.18
00000011	2004	11	13	72.13
00000011	2004	11	14	72.1
00000011	2004	11	15	72.1
00000011	2004	11	16	72.1
00000011	2004	11	17	72.1
00000011	2004	11	18	72.1
00000011	2004	11	19	72.06
00000011	2004	11	20	72.02
00000011	2004	11	21	72.02
00000011	2004	11	22	71.97
00000011	2004	11	23	71.93
00000011	2004	11	24	71.93
00000011	2004	11	25	71.93
00000011	2004	11	26	71.88
00000011	2004	11	27	71.85
00000011	2004	11	28	71.79
00000011	2004	11	29	71.77
00000011	2004	11	30	71.72
00000011	2004	12	1	71.68
00000011	2004	12	2	71.68
00000011	2004	12	3	71.67
00000011	2004	12	4	71.68
00000011	2004	12	5	71.67
00000011	2004	12	6	71.6
00000011	2004	12	7	71.6
00000011	2004	12	8	71.56
00000011	2004	12	9	71.52
00000011	2004	12	10	71.52
00000011	2004	12	11	71.47
00000011	2004	12	12	71.43
00000011	2004	12	13	71.43
00000011	2004	12	14	71.42
00000011	2004	12	15	71.38
00000011	2004	12	16	71.35
00000011	2004	12	17	71.35
00000011	2004	12	18	71.31
00000011	2004	12	19	71.28
00000011	2004	12	20	71.27
00000011	2004	12	21	71.22
00000011	2004	12	22	71.18
00000011	2004	12	23	71.18
00000011	2004	12	24	71.18
00000011	2004	12	25	71.18
00000011	2004	12	26	71.18
00000011	2004	12	27	71.18
00000011	2004	12	28	71.18
00000011	2004	12	29	71.15
00000011	2004	12	30	71.13
00000011	2004	12	31	71.1
00000011	2005	1	1	71.1
00000011	2005	1	2	71.09
00000011	2005	1	3	71.06
00000011	2005	1	4	71.03
00000011	2005	1	5	71.02
00000011	2005	1	6	71.02
00000011	2005	1	7	71.02
00000011	2005	1	8	71.02
00000011	2005	1	9	70.98
00000011	2005	1	10	70.93
00000011	2005	1	11	70.93
00000011	2005	1	12	70.93
00000011	2005	1	13	70.93
00000011	2005	1	14	70.93
00000011	2005	1	15	70.92
00000011	2005	1	16	70.92
00000011	2005	1	17	70.92
00000011	2005	1	18	70.9
00000011	2005	1	19	70.87
00000011	2005	1	20	70.82
00000011	2005	1	21	70.77
00000011	2005	1	22	70.77
00000011	2005	1	23	70.77
00000011	2005	1	24	70.77
00000011	2005	1	25	70.77
00000011	2005	1	26	70.77
00000011	2005	1	27	70.77
00000011	2005	1	28	70.77
00000011	2005	1	29	70.77
00000011	2005	1	30	70.77
00000011	2005	1	31	70.73
00000011	2005	2	1	70.68
00000011	2005	2	2	70.68
00000011	2005	2	3	70.68
00000011	2005	2	4	70.65
00000011	2005	2	5	70.63
00000011	2005	2	6	70.6
00000011	2005	2	7	70.62
00000011	2005	2	8	70.63
00000011	2005	2	9	70.6
00000011	2005	2	10	70.6
00000011	2005	2	11	70.6
00000011	2005	2	12	70.6
00000011	2005	2	13	70.59
00000011	2005	2	14	70.53
00000011	2005	2	15	70.52
00000011	2005	2	16	70.51
00000011	2005	2	17	70.5
00000011	2005	2	18	70.47
00000011	2005	2	19	70.43
00000011	2005	2	20	70.43
00000011	2005	2	21	70.43
00000011	2005	2	22	70.43
00000011	2005	2	23	70.43
00000011	2005	2	24	70.43
00000011	2005	2	25	70.43
00000011	2005	2	26	70.32
00000011	2005	2	27	69.86
00000011	2005	2	28	68.42
00000011	2005	3	1	66.84
00000011	2005	3	2	65.4
00000011	2005	3	3	64.09
00000011	2005	3	4	62.93
00000011	2005	3	5	61.92
00000011	2005	3	6	61.05
00000011	2005	3	7	60.25
00000011	2005	3	8	59.55
00000011	2005	3	9	58.95
00000011	2005	3	10	58.4
00000011	2005	3	11	57.92
00000011	2005	3	12	57.51
00000011	2005	3	13	57.18
00000011	2005	3	14	56.92
00000011	2005	3	15	56.68
00000011	2005	3	16	56.5
00000011	2005	3	17	56.36
00000011	2005	3	18	56.22
00000011	2005	3	19	56.13
00000011	2005	3	20	56.05
00000011	2005	3	21	55.97
00000011	2005	3	22	55.93
00000011	2005	3	23	55.93
00000011	2005	3	24	55.93
00000011	2005	3	25	55.93
00000011	2005	3	26	55.93
00000011	2005	3	27	55.95
00000011	2005	3	28	56.02
00000011	2005	3	29	56.06
00000011	2005	3	30	56.1
00000011	2005	3	31	56.17
00000011	2005	4	1	56.28
00000011	2005	4	2	56.35
00000011	2005	4	3	56.38
00000011	2005	4	4	56.48
00000011	2005	4	5	56.57
00000011	2005	4	6	56.67
00000011	2005	4	7	56.78
00000011	2005	4	8	56.94
00000011	2005	4	9	57.11
00000011	2005	4	10	57.2
00000011	2005	4	11	57.3
00000011	2005	4	12	57.42
00000011	2005	4	13	57.48
00000011	2005	4	14	57.63
00000011	2005	4	15	57.7
00000011	2005	4	16	57.84
00000011	2005	4	17	57.88
00000011	2005	4	18	58.04
00000011	2005	4	19	58.16
00000011	2005	4	20	58.29
00000011	2005	4	21	58.37
00000011	2005	4	22	58.52
00000011	2005	4	23	58.64
00000011	2005	4	24	58.78
00000011	2005	4	25	58.88
00000011	2005	4	26	58.99
00000011	2005	4	27	59.11
00000011	2005	4	28	59.24
00000011	2005	4	29	59.34
00000011	2005	4	30	59.44
00000011	2005	5	1	59.57
00000011	2005	5	2	59.68
00000011	2005	5	3	59.78
00000011	2005	5	4	59.92
00000011	2005	5	5	59.96
00000011	2005	5	6	60.11
00000011	2005	5	7	60.19
00000011	2005	5	8	60.29
00000011	2005	5	9	60.38
00000011	2005	5	10	60.51
00000011	2005	5	11	60.6
00000011	2005	5	12	60.67
00000011	2005	5	13	60.78
00000011	2005	5	14	60.87
00000011	2005	5	15	61
00000011	2005	5	16	61.04
00000011	2005	5	17	61.16
00000011	2005	5	18	61.26
00000011	2005	5	19	61.34
00000011	2005	5	20	61.45
00000011	2005	5	21	61.53
00000011	2005	5	22	61.6
00000011	2005	5	23	61.67
00000011	2005	5	24	61.77
00000011	2005	5	25	61.85
00000011	2005	5	26	61.93
00000011	2005	5	27	61.98
00000011	2005	5	28	62.06
00000011	2005	5	29	62.18
00000011	2005	5	30	62.21
00000011	2005	5	31	62.3
00000011	2005	6	1	62.36
00000011	2005	6	2	62.43
00000011	2005	6	3	62.43
00000011	2005	6	4	62.52
00000011	2005	6	5	62.59
00000011	2005	6	6	62.62
00000011	2005	6	7	62.7
00000011	2005	6	8	62.83
00000011	2005	6	9	62.93
00000011	2005	6	10	62.94
00000011	2005	6	11	63.02
00000011	2005	6	12	63.09
00000011	2005	6	13	63.11
00000011	2005	6	14	63.18
00000011	2005	6	15	63.2
00000011	2005	6	16	63.28
00000011	2005	6	17	63.35
00000011	2005	6	18	63.4
00000011	2005	6	19	63.43
00000011	2005	6	20	63.48
00000011	2005	6	21	63.53
00000011	2005	6	22	63.6
00000011	2005	6	23	63.63
00000011	2005	6	24	63.7
00000011	2005	6	25	63.78
00000011	2005	6	26	63.85
00000011	2005	6	27	63.87
00000011	2005	6	28	63.93
00000011	2005	6	29	63.98
00000011	2005	6	30	64.03
00000011	2005	7	1	64.1
00000011	2005	7	2	64.13
00000011	2005	7	3	64.21
00000011	2005	7	4	64.27
00000011	2005	7	5	64.28
00000011	2005	7	6	64.36
00000011	2005	7	7	64.42
00000011	2005	7	8	64.43
00000011	2005	7	9	64.45
00000011	2005	7	10	64.53
00000011	2005	7	11	64.6
00000011	2005	7	12	64.6
00000011	2005	7	13	64.66
00000011	2005	7	14	64.68
00000011	2005	7	15	64.73
00000011	2005	7	16	64.77
00000011	2005	7	17	64.77
00000011	2005	7	18	64.77
00000011	2005	7	19	64.81
00000011	2005	7	20	64.85
00000011	2005	7	21	64.91
00000011	2005	7	22	64.93
00000011	2005	7	23	64.95
00000011	2005	7	24	65.02
00000011	2005	7	25	64.8
00000011	2005	7	26	64.85
00000011	2005	7	27	64.86
00000011	2005	7	28	64.93
00000011	2005	7	29	64.93
00000011	2005	7	30	64.95
00000011	2005	7	31	65.02
00000011	2005	8	1	65.06
00000011	2005	8	2	65.1
00000011	2005	8	3	65.13
00000011	2005	8	4	65.18
00000011	2005	8	5	65.22
00000011	2005	8	6	65.27
00000011	2005	8	7	65.34
00000011	2005	8	8	65.36
00000011	2005	8	9	65.43
00000011	2005	8	10	65.43
00000011	2005	8	11	65.45
00000011	2005	8	12	65.52
00000011	2005	8	13	65.53
00000011	2005	8	14	65.6
00000011	2005	8	15	65.6
00000011	2005	8	16	65.66
00000011	2005	8	17	65.68
00000011	2005	8	18	65.76
00000011	2005	8	19	65.78
00000011	2005	8	20	65.85
00000011	2005	8	21	65.86
00000011	2005	8	22	65.93
00000011	2005	8	23	65.93
00000011	2005	8	24	65.98
00000011	2005	8	25	66.03
00000011	2005	8	26	66.1
00000011	2005	8	27	66.11
00000011	2005	8	28	66.18
00000011	2005	8	29	66.23
00000011	2005	8	30	66.27
00000011	2005	8	31	66.32
00000011	2005	9	1	66.35
00000011	2005	9	2	66.35
00000011	2005	9	3	66.43
00000011	2005	9	4	66.51
00000011	2005	9	5	66.52
00000011	2005	9	6	66.53
00000011	2005	9	7	66.6
00000011	2005	9	8	66.65
00000011	2005	9	9	66.69
00000011	2005	9	10	66.77
00000011	2005	9	11	66.77
00000011	2005	9	12	66.78
00000011	2005	9	13	66.86
00000011	2005	9	14	66.92
00000011	2005	9	15	66.93
00000011	2005	9	16	67.02
00000011	2005	9	17	67.03
00000011	2005	9	18	67.1
00000011	2005	9	19	67.12
00000011	2005	9	20	67.18
00000011	2005	9	21	67.18
00000011	2005	9	22	67.23
00000011	2005	9	23	67.28
00000011	2005	9	24	67.35
00000011	2005	9	25	67.38
00000011	2005	9	26	67.43
00000011	2005	9	27	67.44
00000011	2005	9	28	67.52
00000011	2005	9	29	67.53
00000011	2005	9	30	67.6
00000011	2005	10	1	67.6
00000011	2005	10	2	67.68
00000011	2005	10	3	67.68
00000011	2005	10	4	67.68
00000011	2005	10	5	67.7
00000011	2005	10	6	67.68
00000011	2005	10	7	67.75
00000011	2005	10	8	67.77
00000011	2005	10	9	67.84
00000011	2005	10	10	67.85
00000011	2005	10	11	67.86
00000011	2005	10	12	67.93
00000011	2005	10	13	67.95
00000011	2005	10	14	68.02
00000011	2005	10	15	68.02
00000011	2005	10	16	68.09
00000011	2005	10	17	68.1
00000011	2005	10	18	68.1
00000011	2005	10	19	68.14
00000011	2005	10	20	68.2
00000011	2005	10	21	68.26
00000011	2005	10	22	68.27
00000011	2005	10	23	68.34
00000011	2005	10	24	68.37
00000011	2005	10	25	68.43
00000011	2005	10	26	68.46
00000011	2005	10	27	68.52
00000011	2005	10	28	68.52
00000011	2005	10	29	68.53
00000011	2005	10	30	68.61
00000011	2005	10	31	68.67
00000011	2005	11	1	68.68
00000011	2005	11	2	68.7
00000011	2005	11	3	68.77
00000011	2005	11	4	68.78
00000011	2005	11	5	68.85
00000011	2005	11	6	68.87
00000011	2005	11	7	68.93
00000011	2005	11	8	68.93
00000011	2005	11	9	68.95
00000011	2005	11	10	69.03
00000011	2005	11	11	69.1
00000011	2005	11	12	69.1
00000011	2005	11	13	69.16
00000011	2005	11	14	69.18
00000011	2005	11	15	69.2
00000011	2005	11	16	69.29
00000011	2005	11	17	69.35
00000011	2005	11	18	69.4
00000011	2005	11	19	69.43
00000011	2005	11	20	69.43
00000011	2005	11	21	69.43
00000011	2005	11	22	69.45
00000011	2005	11	23	69.49
00000011	2005	11	24	69.52
00000011	2005	11	25	69.53
00000011	2005	11	26	69.58
00000011	2005	11	27	69.6
00000011	2005	11	28	69.6
00000011	2005	11	29	69.63
00000011	2005	11	30	69.67
00000011	2005	12	1	69.68
00000011	2005	12	2	69.73
00000011	2005	12	3	69.74
00000011	2005	12	4	69.75
00000011	2005	12	5	69.79
00000011	2005	12	6	69.84
00000011	2005	12	7	69.85
00000011	2005	12	8	69.85
00000011	2005	12	9	69.85
00000011	2005	12	10	69.85
00000011	2005	12	11	69.85
00000011	2005	12	12	69.85
00000011	2005	12	13	69.89
00000011	2005	12	14	69.93
00000011	2005	12	15	69.93
00000011	2005	12	16	69.93
00000011	2005	12	17	69.93
00000011	2005	12	18	69.93
00000011	2005	12	19	69.93
00000011	2005	12	20	69.93
00000011	2005	12	21	69.96
00000011	2005	12	22	69.98
00000011	2005	12	23	69.98
00000011	2005	12	24	69.97
00000011	2005	12	25	70.01
00000011	2005	12	26	69.99
00000011	2005	12	27	69.98
00000011	2005	12	28	69.95
00000011	2005	12	29	69.97
00000011	2005	12	30	69.96
00000011	2005	12	31	69.94
00000011	2006	1	1	69.94
00000011	2006	1	2	69.93
00000011	2006	1	3	69.94
00000011	2006	1	4	69.95
00000011	2006	1	5	69.95
00000011	2006	1	6	70.01
00000011	2006	1	7	70
00000011	2006	1	8	69.96
00000011	2006	1	9	69.94
00000011	2006	1	10	69.93
00000011	2006	1	11	69.99
00000011	2006	1	12	69.98
00000011	2006	1	13	69.98
00000011	2006	1	14	70
00000011	2006	1	15	70
00000011	2006	1	16	69.96
00000011	2006	1	17	69.93
00000011	2006	1	18	69.95
00000011	2006	1	19	69.93
00000011	2006	1	20	69.93
00000011	2006	1	21	69.93
00000011	2006	1	22	69.93
00000011	2006	1	23	69.93
00000011	2006	1	24	69.93
00000011	2006	1	25	69.93
00000011	2006	1	26	69.93
00000011	2006	1	27	69.86
00000011	2006	1	28	69.88
00000011	2006	1	29	69.86
00000011	2006	1	30	69.88
00000011	2006	1	31	69.87
00000011	2006	2	1	69.85
00000011	2006	2	2	69.85
00000011	2006	2	3	69.85
00000011	2006	2	4	69.85
00000011	2006	2	5	69.85
00000011	2006	2	6	69.85
00000011	2006	2	7	69.85
00000011	2006	2	8	69.84
00000011	2006	2	9	69.85
00000011	2006	2	10	69.82
00000011	2006	2	11	69.83
00000011	2006	2	12	69.87
00000011	2006	2	13	69.87
00000011	2006	2	14	69.8
00000011	2006	2	15	69.75
00000011	2006	2	16	69.73
00000011	2006	2	17	69.76
00000011	2006	2	18	69.77
00000011	2006	2	19	69.77
00000011	2006	2	20	69.77
00000011	2006	2	21	69.72
00000011	2006	2	22	69.68
00000011	2006	2	23	69.68
00000011	2006	2	24	69.67
00000011	2006	2	25	69.68
00000011	2006	2	26	69.68
00000011	2006	2	27	69.65
00000011	2006	2	28	69.63
00000011	2006	3	1	69.63
00000011	2006	3	2	69.6
00000011	2006	3	3	69.6
00000011	2006	3	4	69.6
00000011	2006	3	5	69.6
00000011	2006	3	6	69.6
00000011	2006	3	7	69.6
00000011	2006	3	8	69.58
00000011	2006	3	9	69.57
00000011	2006	3	10	69.55
00000011	2006	3	11	69.52
00000011	2006	3	12	69.52
00000011	2006	3	13	69.52
00000011	2006	3	14	69.52
00000011	2006	3	15	69.53
00000011	2006	3	16	69.52
00000011	2006	3	17	69.52
00000011	2006	3	18	69.52
00000011	2006	3	19	69.52
00000011	2006	3	20	69.52
00000011	2006	3	21	69.47
00000011	2006	3	22	69.52
00000011	2006	3	23	69.5
00000011	2006	3	24	69.49
00000011	2006	3	25	69.49
00000011	2006	3	26	69.48
00000011	2006	3	27	69.48
00000011	2006	3	28	69.44
00000011	2006	3	29	69.43
00000011	2006	3	30	69.43
00000011	2006	3	31	69.43
00000011	2006	4	1	69.43
00000011	2006	4	2	69.43
00000011	2006	4	3	69.43
00000011	2006	4	4	69.43
00000011	2006	4	5	69.43
00000011	2006	4	6	69.43
00000011	2006	4	7	69.43
00000011	2006	4	8	69.43
00000011	2006	4	9	69.43
00000011	2006	4	10	69.43
00000011	2006	4	11	69.43
00000011	2006	4	12	69.43
00000011	2006	4	13	69.43
00000011	2006	4	14	69.43
00000011	2006	4	15	69.43
00000011	2006	4	16	69.43
00000011	2006	4	17	69.43
00000011	2006	4	18	69.43
00000011	2006	4	19	69.43
00000011	2006	4	20	69.43
00000011	2006	4	21	69.43
00000011	2006	4	22	69.43
00000011	2006	4	23	69.43
00000011	2006	4	24	69.43
00000011	2006	4	25	69.43
00000011	2006	4	26	69.43
00000011	2006	4	27	69.43
00000011	2006	4	28	69.45
00000011	2006	4	29	69.44
00000011	2006	4	30	69.52
00000011	2006	5	1	69.52
00000011	2006	5	2	69.52
00000011	2006	5	3	69.52
00000011	2006	5	4	69.52
00000011	2006	5	5	69.52
00000011	2006	5	6	69.52
00000011	2006	5	7	69.48
00000011	2006	5	8	69.46
00000011	2006	5	9	69.43
00000011	2006	5	10	69.43
00000011	2006	5	11	69.43
00000011	2006	5	12	69.43
00000011	2006	5	13	69.43
00000011	2006	5	14	69.43
00000011	2006	5	15	69.43
00000011	2006	5	16	69.43
00000011	2006	5	17	69.43
00000011	2006	5	18	69.42
00000011	2006	5	19	69.4
00000011	2006	5	20	69.39
00000011	2006	5	21	69.39
00000011	2006	5	22	69.39
00000011	2006	5	23	69.4
00000011	2006	5	24	69.4
00000011	2006	5	25	69.4
00000011	2006	5	26	69.42
00000011	2006	5	27	69.42
00000011	2006	5	28	69.43
00000011	2006	5	29	69.43
00000011	2006	5	30	69.43
00000011	2006	5	31	69.43
00000011	2006	6	1	69.43
00000011	2006	6	2	69.43
00000011	2006	6	3	69.43
00000011	2006	6	4	69.43
00000011	2006	6	5	69.43
00000011	2006	6	6	69.47
00000011	2006	6	7	69.52
00000011	2006	6	8	69.52
00000011	2006	6	9	69.52
00000011	2006	6	10	69.53
00000011	2006	6	11	69.57
00000011	2006	6	12	69.6
00000011	2006	6	13	69.6
00000011	2006	6	14	69.61
00000011	2006	6	15	69.65
00000011	2006	6	16	69.68
00000011	2006	6	17	69.68
00000011	2006	6	18	69.75
00000011	2006	6	19	69.77
00000011	2006	6	20	69.78
00000011	2006	6	21	69.85
00000011	2006	6	22	69.85
00000011	2006	6	23	69.85
00000011	2006	6	24	69.88
00000011	2006	6	25	69.93
00000011	2006	6	26	69.94
00000011	2006	6	27	70.02
00000011	2006	6	28	70.02
00000011	2006	6	29	70.08
00000011	2006	6	30	70.1
00000011	2006	7	1	70.15
00000011	2006	7	2	70.18
00000011	2006	7	3	70.26
00000011	2006	7	4	70.28
00000011	2006	7	5	70.35
00000011	2006	7	6	70.35
00000011	2006	7	7	70.4
00000011	2006	7	8	70.44
00000011	2006	7	9	70.52
00000011	2006	7	10	70.53
00000011	2006	7	11	70.6
00000011	2006	7	12	70.64
00000011	2006	7	13	70.69
00000011	2006	7	14	70.77
00000011	2006	7	15	70.77
00000011	2006	7	16	70.8
00000011	2006	7	17	70.86
00000011	2006	7	18	70.93
00000011	2006	7	19	70.95
00000011	2006	7	20	71.02
00000011	2006	7	21	71.05
00000011	2006	7	22	71.11
00000011	2006	7	23	71.18
00000011	2006	7	24	71.18
00000011	2006	7	25	71.21
00000011	2006	7	26	71.28
00000011	2006	7	27	71.35
00000011	2006	7	28	71.38
00000011	2006	7	29	71.43
00000011	2006	7	30	71.51
00000011	2006	7	31	71.55
00000011	2006	8	1	71.6
00000011	2006	8	2	71.67
00000011	2006	8	3	71.68
00000011	2006	8	4	71.7
00000011	2006	8	5	71.78
00000011	2006	8	6	71.85
00000011	2006	8	7	71.9
00000011	2006	8	8	71.94
00000011	2006	8	9	72.02
00000011	2006	8	10	72.09
00000011	2006	8	11	72.1
00000011	2006	8	12	72.13
00000011	2006	8	13	72.2
00000011	2006	8	14	72.27
00000011	2006	8	15	72.34
00000011	2006	8	16	72.38
00000011	2006	8	17	72.44
00000011	2006	8	18	72.52
00000011	2006	8	19	72.59
00000011	2006	8	20	72.6
00000011	2006	8	21	72.64
00000011	2006	8	22	72.7
00000011	2006	8	23	72.77
00000011	2006	8	24	72.85
00000011	2006	8	25	72.9
00000011	2006	8	26	72.96
00000011	2006	8	27	73.02
00000011	2006	8	28	73.03
00000011	2006	8	29	73.1
00000011	2006	8	30	73.12
00000011	2006	8	31	73.21
00000011	2006	9	1	73.27
00000011	2006	9	2	73.33
00000011	2006	9	3	73.38
00000011	2006	9	4	73.44
00000011	2006	9	5	73.52
00000011	2006	9	6	73.52
00000011	2006	9	7	73.58
00000011	2006	9	8	73.62
00000011	2006	9	9	73.68
00000011	2006	9	10	73.76
00000011	2006	9	11	73.79
00000011	2006	9	12	73.86
00000011	2006	9	13	73.93
00000011	2006	9	14	73.89
00000011	2006	9	15	73.87
00000011	2006	9	16	73.94
00000011	2006	9	17	74.02
00000011	2006	9	18	74.05
00000011	2006	9	19	74.1
00000011	2006	9	20	74.17
00000011	2006	9	21	74.2
00000011	2006	9	22	74.27
00000011	2006	9	23	74.27
00000011	2006	9	24	74.28
00000011	2006	9	25	74.35
00000011	2006	9	26	74.37
00000011	2006	9	27	74.43
00000011	2006	9	28	74.46
00000011	2006	9	29	74.52
00000011	2006	9	30	74.57
00000011	2006	10	1	74.6
00000011	2006	10	2	74.61
00000011	2006	10	3	74.68
00000011	2006	10	4	74.71
00000011	2006	10	5	74.77
00000011	2006	10	6	74.77
00000011	2006	10	7	74.77
00000011	2006	10	8	74.81
00000011	2006	10	9	74.85
00000011	2006	10	10	74.86
00000011	2006	10	11	74.93
00000011	2006	10	12	74.93
00000011	2006	10	13	75.01
00000011	2006	10	14	75.02
00000011	2006	10	15	75.02
00000011	2006	10	16	75.09
00000011	2006	10	17	75.1
00000011	2006	10	18	75.1
00000011	2006	10	19	75.11
00000011	2006	10	20	75.18
00000011	2006	10	21	75.18
00000011	2006	10	22	75.18
00000011	2006	10	23	75.18
00000011	2006	10	24	75.18
00000011	2006	10	25	75.18
00000011	2006	10	26	75.18
00000011	2006	10	27	75.23
00000011	2006	10	28	75.27
00000011	2006	10	29	75.27
00000011	2006	10	30	75.27
00000011	2006	10	31	75.27
00000011	2006	11	1	75.27
00000011	2006	11	2	75.35
00000011	2006	11	3	75.35
00000011	2006	11	4	75.35
00000011	2006	11	5	75.35
00000011	2006	11	6	75.35
00000011	2006	11	7	75.35
00000011	2006	11	8	75.35
00000011	2006	11	9	75.35
00000011	2006	11	10	75.35
00000011	2006	11	11	75.35
00000011	2006	11	12	75.35
00000011	2006	11	13	75.35
00000011	2006	11	14	75.35
00000011	2006	11	15	75.35
00000011	2006	11	16	75.35
00000011	2006	11	17	75.35
00000011	2006	11	18	75.35
00000011	2006	11	19	75.35
00000011	2006	11	20	75.35
00000011	2006	11	21	75.35
00000011	2006	11	22	75.35
00000011	2006	11	23	75.35
00000011	2006	11	24	75.34
00000011	2006	11	25	75.34
00000011	2006	11	26	75.33
00000011	2006	11	27	75.32
00000011	2006	11	28	75.3
00000011	2006	11	29	75.28
00000011	2006	11	30	75.27
00000011	2006	12	1	75.3
00000011	2006	12	2	75.31
00000011	2006	12	3	75.3
00000011	2006	12	4	75.32
00000011	2006	12	5	75.32
00000011	2006	12	6	75.3
00000011	2006	12	7	75.27
00000011	2006	12	8	75.32
00000011	2006	12	9	75.3
00000011	2006	12	10	75.28
00000011	2006	12	11	75.27
00000011	2007	1	1	75.02
00000011	2007	2	1	74.27
00000011	2007	3	1	73.77
00000011	2007	4	16	73.51
00000011	2007	4	17	73.52
00000011	2007	4	18	73.52
00000011	2007	4	19	73.52
00000011	2007	4	20	73.53
00000011	2007	4	21	73.55
00000011	2007	4	22	73.57
00000011	2007	4	23	73.59
00000011	2007	4	24	73.6
00000011	2007	4	25	73.6
00000011	2007	4	26	73.6
00000011	2007	4	27	73.6
00000011	2007	4	28	73.6
00000011	2007	4	29	73.65
00000011	2007	4	30	73.67
00000011	2007	5	1	73.68
00000011	2007	5	2	73.68
00000011	2007	5	3	73.68
00000011	2007	5	4	73.68
00000011	2007	5	5	73.68
00000011	2007	5	6	73.7
00000011	2007	5	7	73.77
00000011	2007	5	8	73.77
00000011	2007	5	9	73.77
00000011	2007	5	10	73.8
00000011	2007	5	11	73.82
00000011	2007	5	12	73.85
00000011	2007	5	13	73.85
00000011	2007	5	14	73.88
00000011	2007	5	15	73.93
00000011	2007	5	16	73.93
00000011	2007	5	17	73.93
00000011	2007	5	18	73.93
00000011	2007	5	19	73.95
00000011	2007	5	20	74.04
00000011	2007	5	21	74.02
00000011	2007	5	22	74.09
00000011	2007	5	23	74.1
00000011	2007	5	24	74.12
00000011	2007	5	25	74.18
00000011	2007	5	26	74.18
00000011	2007	5	27	74.26
00000011	2007	5	28	74.27
00000011	2007	5	29	74.34
00000011	2007	5	30	74.35
00000011	2007	5	31	74.35
00000011	2007	6	1	74.4
00000011	2007	6	2	74.43
00000011	2007	6	3	74.51
00000011	2007	6	4	74.52
00000011	2007	6	5	74.58
00000011	2007	6	6	74.6
00000011	2007	6	7	74.67
00000011	2007	6	8	74.71
00000011	2007	6	9	74.77
00000011	2007	6	10	74.84
00000011	2007	6	11	74.85
00000011	2007	6	12	74.86
00000011	2007	6	13	74.93
00000011	2007	6	14	75.01
00000011	2007	6	15	75.04
00000011	2007	6	16	75.1
00000011	2007	6	17	75.15
00000011	2007	6	18	75.21
00000011	2007	6	19	75.27
00000011	2007	6	20	75.28
00000011	2007	6	21	75.35
00000011	2007	7	1	77.68
00000011	2007	8	20	78.93
00000011	2007	8	21	78.95
00000011	2007	8	22	79.02
00000011	2007	8	23	79.1
00000011	2007	8	24	79.17
00000011	2007	8	25	79.26
00000011	2007	8	26	79.27
00000011	2007	8	27	79.3
00000011	2007	8	28	79.36
00000011	2007	8	29	79.43
00000011	2007	8	30	79.51
00000011	2007	8	31	79.55
00000011	2007	9	1	79.61
00000011	2007	9	2	79.68
00000011	2007	9	3	79.75
00000011	2007	9	4	79.77
00000011	2007	9	5	79.77
00000011	2007	9	6	79.85
00000011	2007	9	7	79.85
00000011	2007	9	8	79.93
00000011	2007	9	9	79.98
00000011	2007	9	10	80.02
00000011	2007	9	11	80.1
00000011	2007	9	12	80.16
00000011	2007	9	13	80.18
00000011	2007	9	14	80.2
00000011	2007	9	15	80.27
00000011	2007	9	16	80.34
00000011	2007	9	17	80.42
00000011	2007	9	18	80.43
00000011	2007	9	19	80.49
00000011	2007	9	20	80.53
00000011	2007	9	21	80.6
00000011	2007	9	22	80.62
00000011	2007	9	23	80.68
00000011	2007	9	24	80.68
00000011	2007	9	25	80.68
00000011	2007	9	26	80.73
00000011	2007	9	27	80.77
00000011	2007	9	28	80.82
00000011	2007	9	29	80.85
00000011	2007	9	30	80.86
00000011	2007	10	1	80.93
00000011	2007	10	2	80.93
00000011	2007	10	3	80.99
00000011	2007	10	4	81.02
00000011	2007	10	5	81.02
00000011	2007	10	6	81.05
00000011	2007	10	7	81.1
00000011	2007	10	8	81.1
00000011	2007	10	9	81.1
00000011	2007	10	10	81.02
00000011	2007	10	11	80.93
00000011	2007	10	12	80.93
00000011	2007	10	13	80.93
00000011	2007	10	14	80.96
00000011	2007	10	15	81.02
00000011	2007	10	16	81.02
00000011	2007	10	17	81.02
00000011	2007	10	18	81.02
00000011	2007	10	19	81.03
00000011	2007	10	20	81.1
00000011	2007	10	21	81.1
00000011	2007	10	22	81.1
00000011	2007	10	23	81.1
00000011	2007	10	24	81.1
00000011	2007	10	25	81.1
00000011	2007	10	26	81.1
00000011	2007	10	27	81.1
00000011	2007	10	28	81.1
00000011	2007	10	29	81.1
00000011	2007	10	30	81.1
00000011	2007	10	31	81.1
00000011	2007	11	1	81.1
00000011	2007	11	2	81.1
00000011	2007	11	3	81.1
00000011	2007	11	4	81.1
00000011	2007	11	5	81.1
00000011	2007	11	6	81.1
00000011	2007	11	7	81.1
00000011	2007	11	8	81.1
00000011	2007	11	9	81.1
00000011	2007	11	10	81.1
00000011	2007	11	11	81.1
00000011	2007	11	12	81.1
00000011	2007	11	13	81.1
00000011	2007	11	14	81.07
00000011	2007	11	15	81.09
00000011	2007	11	16	81.07
00000011	2007	11	17	81.05
00000011	2007	11	18	81.02
00000011	2007	11	19	81.02
00000011	2007	11	20	81.02
00000011	2007	11	21	81.02
00000011	2007	11	22	81
00000011	2007	11	23	80.93
00000011	2007	11	24	80.93
00000011	2007	11	25	80.93
00000011	2007	11	26	80.93
00000011	2007	11	27	80.93
00000011	2007	11	28	80.93
00000011	2007	11	29	80.93
00000011	2007	11	30	80.93
00000011	2007	12	1	80.93
00000011	2007	12	2	80.9
00000011	2007	12	3	80.85
00000011	2007	12	4	80.85
00000011	2007	12	5	80.85
00000011	2007	12	6	80.85
00000011	2007	12	7	80.79
00000011	2007	12	8	80.77
00000011	2007	12	9	80.77
00000011	2007	12	10	80.73
00000011	2007	12	11	80.68
00000011	2007	12	12	80.68
00000011	2007	12	13	80.68
00000011	2007	12	14	80.68
00000011	2007	12	15	80.63
00000011	2007	12	16	80.6
00000011	2007	12	17	80.6
00000011	2007	12	18	80.56
00000011	2007	12	19	80.56
00000011	2007	12	20	80.6
00000011	2007	12	21	80.6
00000011	2007	12	22	80.6
00000011	2007	12	23	80.6
00000011	2007	12	24	80.6
00000011	2007	12	25	80.6
00000011	2007	12	26	80.54
00000011	2007	12	27	80.52
00000011	2007	12	28	80.52
00000011	2007	12	29	80.46
00000011	2007	12	30	80.43
00000011	2007	12	31	80.38
00000011	2008	1	1	80.35
00000011	2008	1	2	80.35
00000011	2008	1	3	80.35
00000011	2008	1	4	80.35
00000011	2008	1	5	80.3
00000011	2008	1	6	80.19
00000011	2008	1	7	80.18
00000011	2008	1	8	80.18
00000011	2008	1	9	80.13
00000011	2008	1	10	80.1
00000011	2008	1	11	80.1
00000011	2008	1	12	80.1
00000011	2008	1	13	80.1
00000011	2008	1	14	80.1
00000011	2008	1	15	80.06
00000011	2008	1	16	80.02
00000011	2008	1	17	80.02
00000011	2008	1	18	79.98
00000011	2008	1	19	79.93
00000011	2008	1	20	79.96
00000011	2008	1	21	79.93
00000011	2008	1	22	79.93
00000011	2008	1	23	79.92
00000011	2008	1	24	79.88
00000011	2008	1	25	79.85
00000011	2008	1	26	79.85
00000011	2008	1	27	79.84
00000011	2008	1	28	79.79
00000011	2008	1	29	79.77
00000011	2008	1	30	79.77
00000011	2008	1	31	79.77
00000011	2008	2	1	79.77
00000011	2008	2	2	79.73
00000011	2008	2	3	79.68
00000011	2008	2	4	79.68
00000011	2008	2	5	79.68
00000011	2008	2	6	79.68
00000011	2008	2	7	79.68
00000011	2008	2	8	79.63
00000011	2008	2	9	79.6
00000011	2008	2	10	79.6
00000011	2008	2	11	79.57
00000011	2008	2	12	79.52
00000011	2008	2	13	79.52
00000011	2008	3	1	79.1
00000011	2008	4	1	77.93
00000011	2008	5	1	77.18
00000011	2008	6	1	76.68
00000011	2008	7	1	77.68
00000011	2008	8	11	78.1
00000011	2008	8	12	78.1
00000011	2008	8	13	78.18
00000011	2008	8	14	78.18
00000011	2008	8	15	78.26
00000011	2008	8	16	78.27
00000011	2008	8	17	78.27
00000011	2008	8	18	78.28
00000011	2008	8	19	78.35
00000011	2008	8	20	78.37
00000011	2008	8	21	78.43
00000011	2008	8	22	78.45
00000011	2008	8	23	78.52
00000011	2008	8	24	78.53
00000011	2008	8	25	78.6
00000011	2008	8	26	78.6
00000011	2008	8	27	78.6
00000011	2008	8	28	78.67
00000011	2008	8	29	78.68
00000011	2008	8	30	78.69
00000011	2008	8	31	78.77
00000011	2008	9	1	78.77
00000011	2008	9	2	78.77
00000011	2008	9	3	78.77
00000011	2008	9	4	78.77
00000011	2008	9	5	78.77
00000011	2008	9	6	78.84
00000011	2008	9	7	78.85
00000011	2008	9	8	78.85
00000011	2008	9	9	78.86
00000011	2008	9	10	78.93
00000011	2008	9	11	78.93
00000011	2008	9	12	78.93
00000011	2008	9	13	78.93
00000011	2008	9	14	78.94
00000011	2008	9	15	79.02
00000011	2008	9	16	79.02
00000011	2008	9	17	79.02
00000011	2008	9	18	79.02
00000011	2008	9	19	79.02
00000011	2008	9	20	79.02
00000011	2008	9	21	79.05
00000011	2008	9	22	79.07
00000011	2008	9	23	79.1
00000011	2008	9	24	79.1
00000011	2008	9	25	79.1
00000011	2008	9	26	79.1
00000011	2008	9	27	79.1
00000011	2008	9	28	79.1
00000011	2008	9	29	79.1
00000011	2008	9	30	79.1
00000011	2008	10	1	79.1
00000011	2008	10	2	79.1
00000011	2008	10	3	79.1
00000011	2008	10	4	79.1
00000011	2008	10	5	79.1
00000011	2008	10	6	79.1
00000011	2008	10	7	79.1
00000011	2008	10	8	79.1
00000011	2008	10	9	79.1
00000011	2008	10	10	79.1
00000011	2008	10	11	79.1
00000011	2008	10	12	79.1
00000011	2008	10	13	79.1
00000011	2008	10	14	79.09
00000011	2008	10	15	79.08
00000011	2008	10	16	79.06
00000011	2008	10	17	79.1
00000011	2008	10	18	79.07
00000011	2008	10	19	79.07
00000011	2008	10	20	79.04
00000011	2008	10	21	79.03
00000011	2008	10	22	79.02
00000011	2008	10	23	79.02
00000011	2008	10	24	79.02
00000011	2008	10	25	79.02
00000011	2008	10	26	79.02
00000011	2008	10	27	79.02
00000011	2008	10	28	79.02
00000011	2008	10	29	79.02
00000011	2008	10	30	79.02
00000011	2008	10	31	79.02
00000011	2008	11	1	78.98
00000011	2008	11	2	78.97
00000011	2008	11	3	78.93
00000011	2008	11	4	78.93
00000011	2008	11	5	78.93
00000011	2008	11	6	78.93
00000011	2008	11	7	78.93
00000011	2008	11	8	78.93
00000011	2008	11	9	78.93
00000011	2008	11	10	78.93
00000011	2008	11	11	78.93
00000011	2008	11	12	78.89
00000011	2008	11	13	78.85
00000011	2008	11	14	78.85
00000011	2008	11	15	78.85
00000011	2008	11	16	78.85
00000011	2008	11	17	78.86
00000011	2008	11	18	78.85
00000011	2008	11	19	78.86
00000011	2008	11	20	78.85
00000011	2008	11	21	78.85
00000011	2008	11	22	78.85
00000011	2008	11	23	78.81
00000011	2008	11	24	78.78
00000011	2008	11	25	78.77
00000011	2008	11	26	78.77
00000011	2008	11	27	78.77
00000011	2008	11	28	78.77
00000011	2008	11	29	78.77
00000011	2008	11	30	78.77
00000011	2008	12	1	78.77
00000011	2008	12	2	78.77
00000011	2008	12	3	78.77
00000011	2008	12	4	78.77
00000011	2008	12	5	78.72
00000011	2008	12	6	78.68
00000011	2008	12	7	78.68
00000011	2008	12	8	78.68
00000011	2008	12	9	78.67
00000011	2009	1	1	78.18
00000011	2009	2	1	77.35
00000011	2009	3	1	76.6
00000011	2009	4	1	75.85
00000011	2009	5	1	74.52
00000011	2009	6	9	74.27
00000011	2009	6	10	74.27
00000011	2009	6	11	74.27
00000011	2009	6	12	74.31
00000011	2009	6	13	74.35
00000011	2009	6	14	74.35
00000011	2009	6	15	74.35
00000011	2009	6	16	74.35
00000011	2009	6	17	74.35
00000011	2009	6	18	74.35
00000011	2009	6	19	74.35
00000011	2009	6	20	74.35
00000011	2009	6	21	74.35
00000011	2009	6	22	74.35
00000011	2009	6	23	74.35
00000011	2009	6	24	74.35
00000011	2009	6	25	74.36
00000011	2009	6	26	74.4
00000011	2009	6	27	74.42
00000011	2009	6	28	74.43
00000011	2009	6	29	74.43
00000011	2009	6	30	74.43
00000011	2009	7	1	74.49
00000011	2009	7	2	74.52
00000011	2009	7	3	74.52
00000011	2009	7	4	74.52
00000011	2009	7	5	74.55
00000011	2009	7	6	74.6
00000011	2009	7	7	74.6
00000011	2009	7	8	74.6
00000011	2009	7	9	74.61
00000011	2009	7	10	74.67
00000011	2009	7	11	74.68
00000011	2009	7	12	74.7
00000011	2009	7	13	74.77
00000011	2009	7	14	74.77
00000011	2009	7	15	74.79
00000011	2009	7	16	74.85
00000011	2009	7	17	74.85
00000011	2009	7	18	74.85
00000011	2009	7	19	74.9
00000011	2009	7	20	74.93
00000011	2009	7	21	74.96
00000011	2009	7	22	75.02
00000011	2009	7	23	75.06
00000011	2009	7	24	75.1
00000011	2009	7	25	75.11
00000011	2009	7	26	75.18
00000011	2009	7	27	75.2
00000011	2009	7	28	75.27
00000011	2009	7	29	75.27
00000011	2009	7	30	75.28
00000011	2009	7	31	75.35
00000011	2009	8	1	75.36
00000011	2009	8	2	75.43
00000011	2009	8	3	75.43
00000011	2009	8	4	75.42
00000011	2009	8	5	75.43
00000011	2009	8	6	75.45
00000011	2009	8	7	75.52
00000011	2009	8	8	75.54
00000011	2009	8	9	75.6
00000011	2009	8	10	75.64
00000011	2009	8	11	75.68
00000011	2009	8	12	75.68
00000011	2009	8	13	75.69
00000011	2009	8	14	75.76
00000011	2009	8	15	75.77
00000011	2009	8	16	75.84
00000011	2009	8	17	75.85
00000011	2009	8	18	75.88
00000011	2009	8	19	75.93
00000011	2009	8	20	75.96
00000011	2009	8	21	76.02
00000011	2009	8	22	76.03
00000011	2009	8	23	76.1
00000011	2009	8	24	76.1
00000011	2009	8	25	76.1
00000011	2009	8	26	76.1
00000011	2009	8	27	76.18
00000011	2009	8	28	76.18
00000011	2009	8	29	76.26
00000011	2009	8	30	76.27
00000011	2009	8	31	76.29
00000011	2009	9	1	76.35
00000011	2009	9	2	76.35
00000011	2009	9	3	76.36
00000011	2009	9	4	76.42
00000011	2009	9	5	76.43
00000011	2009	9	6	76.44
00000011	2009	9	7	76.51
00000011	2009	9	8	76.52
00000011	2009	9	9	76.52
00000011	2009	9	10	76.55
00000011	2009	9	11	76.6
00000011	2009	9	12	76.6
00000011	2009	9	13	76.6
00000011	2009	9	14	76.6
00000011	2009	9	15	76.6
00000011	2009	9	16	76.6
00000011	2009	9	17	76.6
00000011	2009	9	18	76.68
00000011	2009	9	19	76.68
00000011	2009	9	20	76.68
00000011	2009	9	21	76.68
00000011	2009	9	22	76.68
00000011	2009	9	23	76.68
00000011	2009	9	24	76.68
00000011	2009	9	25	76.68
00000011	2009	9	26	76.68
00000011	2009	9	27	76.68
00000011	2009	9	28	76.68
00000011	2009	9	29	76.7
00000011	2009	9	30	76.7
00000011	2009	10	1	76.7
00000011	2009	10	2	76.68
00000011	2009	10	3	76.69
00000011	2009	10	4	76.68
00000011	2009	10	5	76.68
00000011	2009	10	6	76.68
00000011	2009	10	7	76.68
00000011	2009	10	8	76.68
00000011	2009	10	9	76.68
00000011	2009	10	10	76.68
00000011	2009	10	11	76.68
00000011	2009	10	12	76.68
00000011	2009	10	13	76.68
00000011	2009	10	14	76.61
00000011	2009	10	15	76.6
00000011	2009	10	16	76.6
00000011	2009	10	17	76.6
00000011	2009	10	18	76.6
00000011	2009	10	19	76.6
00000011	2009	10	20	76.6
00000011	2009	10	21	76.6
00000011	2009	10	22	76.6
00000011	2009	10	23	76.6
00000011	2009	10	24	76.59
00000011	2009	10	25	76.54
00000011	2009	10	26	76.52
00000011	2009	10	27	76.52
00000011	2009	10	28	76.52
00000011	2009	10	29	76.45
00000011	2009	10	30	76.43
00000011	2009	10	31	76.43
00000011	2009	11	1	76.43
00000011	2009	11	2	76.38
00000011	2009	11	3	76.36
00000011	2009	11	4	76.35
00000011	2009	11	5	76.35
00000011	2009	11	6	76.35
00000011	2009	11	7	76.33
00000011	2009	11	8	76.3
00000011	2009	11	9	76.27
00000011	2009	11	10	76.27
00000011	2009	11	11	76.2
00000011	2009	11	12	76.18
00000011	2009	11	13	76.17
00000011	2009	11	14	76.13
00000011	2009	11	15	76.1
00000011	2009	11	16	76.1
00000011	2009	11	17	76.1
00000011	2009	11	18	76.1
00000011	2009	11	19	76.05
00000011	2009	11	20	76.02
00000011	2009	11	21	76.01
00000011	2009	11	22	75.95
00000011	2009	11	23	75.93
00000011	2009	11	24	75.91
00000011	2009	11	25	75.85
00000011	2009	11	26	75.85
00000011	2009	11	27	75.84
00000011	2009	11	28	75.77
00000011	2009	11	29	75.77
00000011	2009	11	30	75.77
00000011	2009	12	1	75.71
00000011	2009	12	2	75.68
00000011	2009	12	3	75.68
00000011	2009	12	4	75.68
00000011	2009	12	5	75.66
00000011	2009	12	6	75.6
00000011	2009	12	7	75.6
00000011	2009	12	8	75.53
00000011	2009	12	9	75.51
00000011	2009	12	10	75.47
00000011	2009	12	11	75.43
00000011	2009	12	12	75.43
00000011	2009	12	13	75.36
00000011	2009	12	14	75.37
00000011	2009	12	15	75.35
00000011	2009	12	16	75.3
00000011	2009	12	17	75.27
00000011	2009	12	18	75.19
00000011	2009	12	19	75.18
00000011	2009	12	20	75.18
00000011	2009	12	21	75.18
00000011	2009	12	22	75.13
00000011	2009	12	23	75.1
00000011	2009	12	24	75.05
00000011	2009	12	25	75.02
00000011	2009	12	26	74.98
00000011	2009	12	27	74.93
00000011	2009	12	28	74.93
00000011	2009	12	29	74.88
00000011	2009	12	30	74.85
00000011	2009	12	31	74.81
00000011	2010	1	1	74.77
00000011	2010	1	2	74.77
00000011	2010	1	3	74.77
00000011	2010	1	4	74.77
00000011	2010	1	5	74.77
00000011	2010	1	6	74.72
00000011	2010	1	7	74.68
00000011	2010	1	8	74.68
00000011	2010	1	9	74.63
00000011	2010	1	10	74.6
00000011	2010	1	11	74.6
00000011	2010	1	12	74.55
00000011	2010	1	13	74.52
00000011	2010	1	14	74.52
00000011	2010	1	15	74.47
00000011	2010	1	16	74.43
00000011	2010	1	17	74.43
00000011	2010	1	18	74.4
00000011	2010	1	19	74.35
00000011	2010	1	20	74.35
00000011	2010	1	21	74.33
00000011	2010	1	22	74.3
00000011	2010	1	23	74.27
00000011	2010	1	24	74.27
00000011	2010	1	25	74.27
00000011	2010	1	26	74.27
00000011	2010	1	27	74.26
00000011	2010	1	28	74.22
00000011	2010	1	29	74.18
00000011	2010	1	30	74.18
00000011	2010	1	31	74.18
00000011	2010	2	1	74.13
00000011	2010	2	2	74.1
00000011	2010	2	3	74.1
00000011	2010	2	4	74.1
00000011	2010	2	5	74.05
00000011	2010	2	6	74.02
00000011	2010	2	7	74.02
00000011	2010	2	8	73.95
00000011	2010	2	9	73.93
00000011	2010	3	1	73.35
00000011	2010	4	12	73.18
00000011	2010	4	13	73.18
00000011	2010	4	14	73.18
00000011	2010	4	15	73.18
00000011	2010	4	16	73.18
00000011	2010	4	17	73.18
00000011	2010	4	18	73.18
00000011	2010	4	19	73.17
00000011	2010	4	20	73.16
00000011	2010	4	21	73.14
00000011	2010	4	22	73.13
00000011	2010	4	23	73.13
00000011	2010	4	24	73.1
00000011	2010	4	25	73.1
00000011	2010	4	26	73.1
00000011	2010	4	27	73.1
00000011	2010	4	28	73.1
00000011	2010	4	29	73.1
00000011	2010	4	30	73.1
00000011	2010	5	1	73.1
00000011	2010	5	2	73.1
00000011	2010	5	3	73.1
00000011	2010	5	4	73.1
00000011	2010	5	5	73.1
00000011	2010	5	6	73.1
00000011	2010	5	7	73.1
00000011	2010	5	8	73.1
00000011	2010	5	9	73.1
00000011	2010	5	10	73.1
00000011	2010	5	11	73.1
00000011	2010	5	12	73.1
00000011	2010	5	13	73.1
00000011	2010	5	14	73.1
00000011	2010	5	15	73.1
00000011	2010	5	16	73.1
00000011	2010	5	17	73.1
00000011	2010	5	18	73.1
00000011	2010	5	19	73.1
00000011	2010	5	20	73.1
00000011	2010	5	21	73.1
00000011	2010	5	22	73.1
00000011	2010	5	23	73.1
00000011	2010	5	24	73.1
00000011	2010	5	25	73.1
00000011	2010	5	26	73.1
00000011	2010	5	27	73.1
00000011	2010	5	28	73.1
00000011	2010	5	29	73.1
00000011	2010	5	30	73.1
00000011	2010	5	31	73.1
00000011	2010	6	1	74.18
00000011	2010	7	1	75.6
00000011	2010	8	1	77.1
00000011	2010	9	1	78.02
00000011	2010	10	1	78.02
00000011	2011	1	3	79.03
00000011	2011	2	25	78.05
00000011	2011	5	9	76.3
00000011	2011	7	13	75.79
00000011	2011	9	13	79.13
00000011	2011	11	8	80.61
00000011	2012	1	13	79.76
00000011	2012	3	21	77.79
00000011	2012	5	10	76.91
00000011	2012	7	27	79.08
00000011	2012	10	24	80.61
00000011	2012	12	19	79.73
00000011	2013	3	13	77.24
00000011	2013	4	30	76.35
00000011	2013	6	30	75.93
00000011	2013	8	1	75.91
00000011	2013	10	9	76.66
00000011	2013	12	18	77.53
00000011	2014	2	8	76.32
00000011	2014	5	13	76.6
00000011	2014	7	17	85.08
00000011	2014	8	28	81.87
00000011	2014	10	21	75.53
00000011	2014	12	17	76.25
00000011	2015	1	20	76.02
00000011	2015	3	24	75.29
00000011	2015	4	22	77.19
00000011	2015	6	25	74.92
00000011	2015	8	12	75.65
00000011	2015	11	23	79.25
00000011	2016	1	13	78.75
00000011	2017	5	17	79.09
00000011	2017	5	18	79.08
00000011	2017	5	19	79.08
00000011	2017	5	20	79.07
00000011	2017	5	21	79.07
00000011	2017	5	22	79.06
00000011	2017	5	23	79.06
00000011	2017	5	24	79.05
00000011	2017	5	25	79.04
00000011	2017	5	26	79.04
00000011	2017	5	27	79.04
00000011	2017	5	28	79.04
00000011	2017	5	29	79.04
00000011	2017	5	30	79.04
00000011	2017	5	31	79.04
00000011	2017	6	1	79.04
00000011	2017	6	2	79.03
00000011	2017	6	3	79.03
00000011	2017	6	4	79.03
00000011	2017	6	5	79.03
00000011	2017	6	6	79.02
00000011	2017	6	7	79.01
00000011	2017	6	8	79.01
00000011	2017	6	9	79
00000011	2017	6	10	79
00000011	2017	6	11	79
00000011	2017	6	12	79
00000011	2017	6	13	78.99
00000011	2017	6	14	78.99
00000011	2017	6	15	78.99
00000011	2017	6	16	78.97
00000011	2017	6	17	78.95
00000011	2017	6	18	78.94
00000011	2017	6	19	78.93
00000011	2017	6	20	78.93
00000011	2017	6	21	78.92
00000011	2017	6	22	78.7
00000011	2017	6	23	78.46
00000011	2017	6	24	78.38
00000011	2017	6	25	78.38
00000011	2017	6	26	78.39
00000011	2017	6	27	78.39
00000011	2017	6	28	78.39
00000011	2017	6	29	78.39
00000011	2017	6	30	78.37
00000011	2017	7	1	78.34
00000011	2017	7	2	78.34
00000011	2017	7	3	78.34
00000011	2017	7	4	78.34
00000011	2017	7	5	78.34
00000011	2017	7	6	78.35
00000011	2017	7	7	78.35
00000011	2017	7	8	78.35
00000011	2017	7	9	78.35
00000011	2017	7	10	78.35
00000011	2017	7	11	78.35
00000011	2017	7	12	78.35
00000011	2017	7	13	78.36
00000011	2017	7	14	78.36
00000011	2017	7	15	78.35
00000011	2017	7	16	78.3
00000011	2017	7	17	78.29
00000011	2017	7	18	78.29
00000011	2017	7	19	78.28
00000011	2017	7	20	78.28
00000011	2017	7	21	78.27
00000011	2017	7	22	78.26
00000011	2017	7	23	78.26
00000011	2017	7	24	78.25
00000011	2017	7	25	78.25
00000011	2017	7	26	78.24
00000011	2017	7	27	78.24
00000011	2017	7	28	78.24
00000011	2017	7	29	78.23
00000011	2017	7	30	78.22
00000011	2017	7	31	78.22
00000011	2017	8	1	78.22
00000011	2017	8	2	78.22
00000011	2017	8	3	78.22
00000011	2017	8	4	78.21
00000011	2017	8	5	78.21
00000011	2017	8	6	78.21
00000011	2017	8	7	78.22
00000011	2017	8	8	78.22
00000011	2017	8	9	78.21
00000011	2017	8	10	78.21
00000011	2017	8	11	78.22
00000011	2017	8	12	78.21
00000011	2017	8	13	78.21
00000011	2017	8	14	78.22
00000011	2017	8	15	78.22
00000011	2017	8	16	78.22
00000011	2017	8	17	78.22
00000011	2017	8	18	78.22
00000011	2017	8	19	78.23
00000011	2017	8	20	78.23
00000011	2017	8	21	78.23
00000011	2017	8	22	78.24
00000011	2017	8	23	78.24
00000011	2017	8	24	78.25
00000011	2017	8	25	78.25
00000011	2017	8	26	78.26
00000011	2017	8	27	78.27
00000011	2017	8	28	78.27
00000011	2017	8	29	78.28
00000011	2017	8	30	78.29
00000011	2017	8	31	78.29
00000011	2017	9	1	78.3
00000011	2017	9	2	78.3
00000011	2017	9	3	78.31
00000011	2017	9	4	78.31
00000011	2017	9	5	78.32
00000011	2017	9	6	78.32
00000011	2017	9	7	78.33
00000011	2017	9	8	78.33
00000011	2017	9	9	78.34
00000011	2017	9	10	78.34
00000011	2017	9	11	78.35
00000011	2017	9	12	78.35
00000011	2017	9	13	78.35
00000011	2017	9	14	78.36
00000011	2017	9	15	78.36
00000011	2017	9	16	78.37
00000011	2017	9	17	78.38
00000011	2017	9	18	78.38
00000011	2017	9	19	78.39
00000011	2017	9	20	78.39
00000011	2017	9	21	78.4
00000011	2017	9	22	78.41
00000011	2017	9	23	78.41
00000011	2017	9	24	78.42
00000011	2017	9	25	78.43
00000011	2017	9	26	78.44
00000011	2017	9	27	78.45
00000011	2017	9	28	78.46
00000011	2017	9	29	78.47
00000011	2017	9	30	78.48
00000011	2017	10	1	78.49
00000011	2017	10	2	78.51
00000011	2017	10	3	78.52
00000011	2017	10	4	78.54
00000011	2017	10	5	78.56
00000011	2017	10	6	78.57
00000011	2017	10	7	78.59
00000011	2017	10	8	78.6
00000011	2017	10	9	78.6
00000011	2017	10	10	78.61
00000011	2017	10	11	78.62
00000011	2017	10	12	78.63
00000011	2017	10	13	78.64
00000011	2017	10	14	78.65
00000011	2017	10	15	78.65
00000011	2017	10	16	78.66
00000011	2017	10	17	78.67
00000011	2017	10	18	78.68
00000011	2017	10	19	78.69
00000011	2017	10	20	78.7
00000011	2017	10	21	78.71
00000011	2017	10	22	78.72
00000011	2017	10	23	78.73
00000011	2017	10	24	78.73
00000011	2017	10	25	78.74
00000011	2017	10	26	78.75
00000011	2017	10	27	78.76
00000011	2017	10	28	78.76
00000011	2017	10	29	78.76
00000011	2017	10	30	78.77
00000011	2017	10	31	78.77
00000011	2017	11	1	78.78
00000011	2017	11	2	78.79
00000011	2017	11	3	78.79
00000011	2017	11	4	78.79
00000011	2017	11	5	78.79
00000011	2017	11	6	78.8
00000011	2017	11	7	78.8
00000011	2017	11	8	78.8
00000011	2017	11	9	78.81
00000011	2017	11	10	78.81
00000011	2017	11	11	78.81
00000011	2017	11	12	78.81
00000011	2017	11	13	78.8
00000011	2017	11	14	78.8
00000011	2017	11	15	78.79
00000011	2017	11	16	78.78
00000011	2017	11	17	78.78
00000011	2017	11	18	78.77
00000011	2017	11	19	78.77
00000011	2017	11	20	78.76
00000011	2017	11	21	78.76
00000011	2017	11	22	78.75
00000011	2017	11	23	78.75
00000011	2017	11	24	78.75
00000011	2017	11	25	78.74
00000011	2017	11	26	78.74
00000011	2017	11	27	78.74
00000011	2017	11	28	78.74
00000011	2017	11	29	78.73
00000011	2017	11	30	78.73
00000011	2017	12	1	78.73
00000011	2017	12	2	78.73
00000011	2017	12	3	78.72
00000011	2017	12	4	78.72
00000011	2017	12	5	78.72
00000011	2017	12	6	78.72
00000011	2017	12	7	78.71
00000011	2017	12	8	78.71
00000011	2017	12	9	78.7
00000011	2017	12	10	78.7
00000011	2017	12	11	78.7
00000011	2017	12	12	78.69
00000011	2017	12	13	78.69
00000011	2017	12	14	78.68
00000011	2017	12	15	78.68
00000011	2017	12	16	78.68
00000011	2017	12	17	78.67
00000011	2017	12	18	78.67
00000011	2017	12	19	78.67
00000011	2017	12	20	78.66
00000011	2017	12	21	78.66
00000011	2017	12	22	78.65
00000011	2017	12	23	78.65
00000011	2017	12	24	78.64
00000011	2017	12	25	78.64
00000011	2017	12	26	78.64
00000011	2017	12	27	78.64
00000011	2017	12	28	78.63
00000011	2017	12	29	78.63
00000011	2017	12	30	78.63
00000011	2017	12	31	78.63
00000011	2018	1	1	78.62
00000011	2018	1	2	78.62
00000011	2018	1	3	78.62
00000011	2018	1	4	78.62
00000011	2018	1	5	78.61
00000011	2018	1	6	78.61
00000011	2018	1	7	78.61
00000011	2018	1	8	78.61
00000011	2018	1	9	78.6
00000011	2018	1	10	78.6
00000011	2018	1	11	78.59
00000011	2018	1	12	78.59
00000011	2018	1	13	78.58
00000011	2018	1	14	78.58
00000011	2018	1	15	78.58
00000011	2018	1	16	78.58
00000011	2018	1	17	78.58
00000011	2018	1	18	78.58
00000011	2018	1	19	78.57
00000011	2018	1	20	78.57
00000011	2018	1	21	78.57
00000011	2018	1	22	78.56
00000011	2018	1	23	78.56
00000011	2018	1	24	78.56
00000011	2018	1	25	78.56
00000011	2018	1	26	78.56
00000011	2018	1	27	78.56
00000011	2018	1	28	78.55
00000011	2018	1	29	78.54
00000011	2018	1	30	78.54
00000011	2018	1	31	78.54
00000011	2018	2	1	78.54
00000011	2018	2	2	78.53
00000011	2018	2	3	78.53
00000011	2018	2	4	78.52
00000011	2018	2	5	78.51
00000011	2018	2	6	78.5
00000011	2018	2	7	78.5
00000011	2018	2	8	78.49
00000011	2018	2	9	78.48
00000011	2018	2	10	78.46
00000011	2018	2	11	78.45
00000011	2018	2	12	78.44
00000011	2018	2	13	78.43
00000011	2018	2	14	78.42
00000011	2018	2	15	78.41
00000011	2018	2	16	78.39
00000011	2018	2	17	78.38
00000011	2018	2	18	78.37
00000011	2018	2	19	78.36
00000011	2018	2	20	78.35
00000011	2018	2	21	78.34
00000011	2018	2	22	78.33
00000011	2018	2	23	78.32
00000011	2018	2	24	78.31
00000011	2018	2	25	78.3
00000011	2018	2	26	78.28
00000011	2018	2	27	78.27
00000011	2018	2	28	78.26
00000011	2018	3	1	78.25
00000011	2018	3	2	78.23
00000011	2018	3	3	78.22
00000011	2018	3	4	78.21
00000011	2018	3	5	78.2
00000011	2018	3	6	78.19
00000011	2018	3	7	78.17
00000011	2018	3	8	78.16
00000011	2018	3	9	78.15
00000011	2018	3	10	78.14
00000011	2018	3	11	78.12
00000011	2018	3	12	78.1
00000011	2018	3	13	78.08
00000011	2018	3	14	78.07
00000011	2018	3	15	78.05
00000011	2018	3	16	78.03
00000011	2018	3	17	78.02
00000011	2018	3	18	78
00000011	2018	3	19	77.98
00000011	2018	3	20	77.96
00000011	2018	3	21	77.95
00000011	2018	3	22	77.94
00000011	2018	3	23	77.92
00000011	2018	3	24	77.91
00000011	2018	3	25	77.9
00000011	2018	3	26	77.88
00000011	2018	3	27	77.87
00000011	2018	3	28	77.87
00000011	2018	3	29	77.85
00000011	2018	3	30	77.84
00000011	2018	3	31	77.83
00000011	2018	4	1	77.82
00000011	2018	4	2	77.81
00000011	2018	4	3	77.8
00000011	2018	4	4	77.79
00000011	2018	4	5	77.78
00000011	2018	4	6	77.77
00000011	2018	4	7	77.76
00000011	2018	4	8	77.74
00000011	2018	4	9	77.73
00000011	2018	4	10	77.72
00000011	2018	4	11	77.71
00000011	2018	4	12	77.7
00000011	2018	4	13	77.69
00000011	2018	4	14	77.68
00000011	2018	4	15	77.67
00000011	2018	4	16	77.66
00000011	2018	4	17	77.64
00000011	2018	4	18	77.63
00000011	2018	4	19	77.62
00000011	2018	4	20	77.61
00000011	2018	4	21	77.61
00000011	2018	4	22	77.6
00000011	2018	4	23	77.59
00000011	2018	4	24	77.57
00000011	2018	4	25	77.57
00000011	2018	4	26	77.56
00000011	2018	4	27	77.54
00000011	2018	4	28	77.54
00000011	2018	4	29	77.53
00000011	2018	4	30	77.52
00000011	2018	5	1	77.51
00000011	2018	5	2	77.51
00000011	2018	5	3	77.51
00000011	2018	5	4	77.5
00000011	2018	5	5	77.5
00000011	2018	5	6	77.49
00000011	2018	5	7	77.49
00000011	2018	5	8	77.49
00000011	2018	5	9	77.48
00000011	2018	5	10	77.48
00000011	2018	5	11	77.48
00000011	2018	5	12	77.48
00000011	2018	5	13	77.48
00000011	2018	5	14	77.48
00000011	2018	5	15	77.48
00000011	2018	5	16	77.48
00000011	2018	5	17	77.48
00000011	2018	5	18	77.48
00000011	2018	5	19	77.47
00000011	2018	5	20	77.47
00000011	2018	5	21	77.47
00000011	2018	5	22	77.48
00000011	2018	5	23	77.48
00000011	2018	5	24	77.48
00000011	2018	5	25	77.49
00000011	2018	5	26	77.49
00000011	2018	5	27	77.49
00000011	2018	5	28	77.5
00000011	2018	5	29	77.5
00000011	2018	5	30	77.22
00000011	2018	5	31	77.1
00000011	2018	6	1	77.11
00000011	2018	6	2	77.13
00000011	2018	6	3	77.14
00000011	2018	6	4	77.16
00000011	2018	6	5	77.18
00000011	2018	6	6	77.19
00000011	2018	6	7	77.21
00000011	2018	6	8	77.23
00000011	2018	6	9	77.24
00000011	2018	6	10	77.26
00000011	2018	6	11	77.28
00000011	2018	6	12	77.3
00000011	2018	6	13	77.31
00000011	2018	6	14	77.33
00000011	2018	6	15	77.35
00000011	2018	6	16	77.36
00000011	2018	6	17	77.38
00000011	2018	6	18	77.4
00000011	2018	6	19	77.41
00000011	2018	6	20	77.43
00000011	2018	6	21	77.44
00000011	2018	6	22	77.46
00000011	2018	6	23	77.47
00000011	2018	6	24	77.48
00000011	2018	6	25	77.5
00000011	2018	6	26	77.51
00000011	2018	6	27	77.53
00000011	2018	6	28	77.54
00000011	2018	6	29	77.56
00000011	2018	6	30	77.57
00000011	2018	7	1	77.59
00000011	2018	7	2	77.6
00000011	2018	7	3	77.61
00000011	2018	7	4	77.63
00000011	2018	7	5	77.64
00000011	2018	7	6	77.66
00000011	2018	7	7	77.67
00000011	2018	7	8	77.69
00000011	2018	7	9	77.71
00000011	2018	7	10	77.72
00000011	2018	7	11	77.74
00000011	2018	7	12	77.76
00000011	2018	7	13	77.77
00000011	2018	7	14	77.79
00000011	2018	7	15	77.8
00000011	2018	7	16	77.82
00000011	2018	7	17	77.83
00000011	2018	7	18	77.85
00000011	2018	7	19	77.86
00000011	2018	7	20	77.88
00000011	2018	7	21	77.89
00000011	2018	7	22	77.91
00000011	2018	7	23	77.93
00000011	2018	7	24	77.95
00000011	2018	7	25	77.96
00000011	2018	7	26	77.99
00000011	2018	7	27	78.01
00000011	2018	7	28	78.03
00000011	2018	7	29	78.06
00000011	2018	7	30	78.08
00000011	2018	7	31	78.11
00000011	2018	8	1	78.14
00000011	2018	8	2	78.17
00000011	2018	8	3	78.2
00000011	2018	8	4	78.23
00000011	2018	8	5	78.26
00000011	2018	8	6	78.29
00000011	2018	8	7	78.33
00000011	2018	8	8	78.36
00000011	2018	8	9	78.4
00000011	2018	8	10	78.43
00000011	2018	8	11	78.46
00000011	2018	8	12	78.5
00000011	2018	8	13	78.54
00000011	2018	8	14	78.57
00000011	2018	8	15	78.61
00000011	2018	8	16	78.65
00000011	2018	8	17	78.69
00000011	2018	8	18	78.73
00000011	2018	8	19	78.77
00000011	2018	8	20	78.81
00000011	2018	8	21	78.84
00000011	2018	8	22	78.88
00000011	2018	8	23	78.92
00000011	2018	8	24	78.96
00000011	2018	8	25	79
00000011	2018	8	26	79.03
00000011	2018	8	27	79.08
00000011	2018	8	28	79.11
00000011	2018	8	29	79.15
00000011	2018	8	30	79.19
00000011	2018	8	31	79.23
00000011	2018	9	1	79.26
00000011	2018	9	2	79.3
00000011	2018	9	3	79.33
00000011	2018	9	4	79.36
00000011	2018	9	5	79.4
00000011	2018	9	6	79.42
00000011	2018	9	7	79.46
00000011	2018	9	8	79.48
00000011	2018	9	9	79.51
00000011	2018	9	10	79.53
00000011	2018	9	11	79.56
00000011	2018	9	12	79.58
00000011	2018	9	13	79.61
00000011	2018	9	14	79.63
00000011	2018	9	15	79.65
00000011	2018	9	16	79.67
00000011	2018	9	17	79.69
00000011	2018	9	18	79.71
00000011	2018	9	19	79.74
00000011	2018	9	20	79.76
00000011	2018	9	21	79.78
00000011	2018	9	22	79.8
00000011	2018	9	23	79.82
00000011	2018	9	24	79.84
00000011	2018	9	25	79.86
00000011	2018	9	26	79.88
00000011	2018	9	27	79.89
00000011	2018	9	28	79.91
00000011	2018	9	29	79.92
00000011	2018	9	30	79.93
00000011	2018	10	1	79.95
00000011	2018	10	2	79.96
00000011	2018	10	3	79.97
00000011	2018	10	4	79.98
00000011	2018	10	5	79.99
00000011	2018	10	6	80.01
00000011	2018	10	7	80.01
00000011	2018	10	8	80.03
00000011	2018	10	9	80.04
00000011	2018	10	10	80.04
00000011	2018	10	11	80.05
00000011	2018	10	12	80.06
00000011	2018	10	13	80.07
00000011	2018	10	14	80.08
00000011	2018	10	15	80.09
00000011	2018	10	16	80.1
00000011	2018	10	17	80.11
00000011	2018	10	18	80.12
00000011	2018	10	19	80.12
00000011	2018	10	20	80.13
00000011	2018	10	21	80.14
00000011	2018	10	22	80.14
00000011	2018	10	23	80.15
00000011	2018	10	24	80.15
00000011	2018	10	25	80.16
00000011	2018	10	26	80.16
00000011	2018	10	27	80.16
00000011	2018	10	28	80.17
00000011	2018	10	29	80.17
00000011	2018	10	30	80.17
00000011	2018	10	31	80.18
00000011	2018	11	1	80.18
00000011	2018	11	2	80.18
00000011	2018	11	3	80.18
00000011	2018	11	4	80.18
00000011	2018	11	5	80.19
00000011	2018	11	6	80.19
00000011	2018	11	7	80.19
00000011	2018	11	8	80.19
00000011	2018	11	9	80.19
00000011	2018	11	10	80.19
00000011	2018	11	11	80.19
00000011	2018	11	12	80.19
00000011	2018	11	13	80.19
00000011	2018	11	14	80.19
00000011	2018	11	15	80.19
00000011	2018	11	16	80.18
00000011	2018	11	17	80.18
00000011	2018	11	18	80.18
00000011	2018	11	19	80.18
00000011	2018	11	20	80.17
00000011	2018	11	21	80.17
00000011	2018	11	22	80.17
00000011	2018	11	23	80.17
00000011	2018	11	24	80.16
00000011	2018	11	25	80.16
00000011	2018	11	26	80.15
00000011	2018	11	27	80.15
00000011	2018	11	28	80.15
00000011	2018	11	29	80.14
00000011	2018	11	30	80.14
00000011	2018	12	1	80.13
00000011	2018	12	2	80.12
00000011	2018	12	3	80.11
00000011	2018	12	4	80.11
00000011	2018	12	5	80.1
00000011	2018	12	6	80.1
00000011	2018	12	7	80.1
00000011	2018	12	8	80.09
00000011	2018	12	9	80.08
00000011	2018	12	10	80.07
00000011	2018	12	11	80.06
00000011	2018	12	12	80.06
00000011	2018	12	13	80.05
00000011	2018	12	14	80.04
00000011	2018	12	15	80.03
00000011	2018	12	16	80.02
00000011	2018	12	17	80.02
00000011	2018	12	18	80.01
00000011	2018	12	19	80
00000011	2018	12	20	79.99
00000011	2018	12	21	79.97
00000011	2018	12	22	79.96
00000011	2018	12	23	79.95
00000011	2018	12	24	79.94
00000011	2018	12	25	79.94
00000011	2018	12	26	79.93
00000011	2018	12	27	79.92
00000011	2018	12	28	79.6
00000011	2018	12	29	79.54
00000011	2018	12	30	79.53
00000011	2018	12	31	79.51
00000011	2019	1	1	79.45
00000011	2019	1	2	79.44
00000011	2019	1	3	79.43
00000011	2019	1	4	79.43
00000011	2019	1	5	79.42
00000011	2019	1	6	79.41
00000011	2019	1	7	79.4
00000011	2019	1	8	79.39
00000011	2019	1	9	79.38
00000011	2019	1	10	79.38
00000011	2019	1	11	79.37
00000011	2019	1	12	79.36
00000011	2019	1	13	79.35
00000011	2019	1	14	79.34
00000011	2019	1	15	79.33
00000011	2019	1	16	79.32
00000011	2019	1	17	79.32
00000011	2019	1	18	79.3
00000011	2019	1	19	79.29
00000011	2019	1	20	79.28
00000011	2019	1	21	79.27
00000011	2019	1	22	79.26
00000011	2019	1	23	79.25
00000011	2019	1	24	79.24
00000011	2019	1	25	79.22
00000011	2019	1	26	79.21
00000011	2019	1	27	79.19
00000011	2019	1	28	79.18
00000011	2019	1	29	79.17
00000011	2019	1	30	79.15
00000011	2019	1	31	79.14
00000011	2019	2	1	79.13
00000011	2019	2	2	79.12
00000011	2019	2	3	79.1
00000011	2019	2	4	79.09
00000011	2019	2	5	79.08
00000011	2019	2	6	79.07
00000011	2019	2	7	79.06
00000011	2019	2	8	79.05
00000011	2019	2	9	79.04
00000011	2019	2	10	79.03
00000011	2019	2	11	79.02
00000011	2019	2	12	79
00000011	2019	2	13	78.99
00000011	2019	2	14	78.98
00000011	2019	2	15	78.96
00000011	2019	2	16	78.95
00000011	2019	2	17	78.93
00000011	2019	2	18	78.92
00000011	2019	2	19	78.91
00000011	2019	2	20	78.9
00000011	2019	2	21	78.85
00000011	2019	2	22	78.82
00000011	2019	2	23	78.81
00000011	2019	2	24	78.79
00000011	2019	2	25	78.77
00000011	2019	2	26	78.76
00000011	2019	2	27	78.74
00000011	2019	2	28	78.73
00000011	2019	3	1	78.71
00000011	2019	3	2	78.69
00000011	2019	3	3	78.68
00000011	2019	3	4	78.66
00000011	2019	3	5	78.65
00000011	2019	3	6	78.63
00000011	2019	3	7	78.62
00000011	2019	3	8	78.6
00000011	2019	3	9	78.59
00000011	2019	3	10	78.58
00000011	2019	3	11	78.57
00000011	2019	3	12	78.56
00000011	2019	3	13	78.54
00000011	2019	3	14	78.53
00000011	2019	3	15	78.51
00000011	2019	3	16	78.5
00000011	2019	3	17	78.49
00000011	2019	3	18	78.48
00000011	2019	3	19	78.47
00000011	2019	3	20	78.46
00000011	2019	3	21	78.45
00000011	2019	3	22	78.44
00000011	2019	3	23	78.43
00000011	2019	3	24	78.42
00000011	2019	3	25	78.41
00000011	2019	3	26	78.4
00000011	2019	3	27	78.39
00000011	2019	3	28	78.39
00000011	2019	3	29	78.38
00000011	2019	3	30	78.37
00000011	2019	3	31	78.36
00000011	2019	4	1	78.36
00000011	2019	4	2	78.35
00000011	2019	4	3	78.35
00000011	2019	4	4	78.34
00000011	2019	4	5	78.33
00000011	2019	4	6	78.31
00000011	2019	4	7	78.24
00000011	2019	4	8	78.23
00000011	2019	4	9	78.22
00000011	2019	4	10	78.21
00000011	2019	4	11	78.2
00000011	2019	4	12	78.2
00000011	2019	4	13	78.19
00000011	2019	4	14	78.15
00000011	2019	4	15	78.13
00000011	2019	4	16	78.13
00000011	2019	4	17	78.12
00000011	2019	4	18	78.11
00000011	2019	4	19	78.09
00000011	2019	4	20	78.07
00000011	2019	4	21	78.06
00000011	2019	4	22	78.06
00000011	2019	4	23	78.05
00000011	2019	4	24	78.04
00000011	2019	4	25	78.04
00000011	2019	4	26	78.03
00000011	2019	4	27	78.02
00000011	2019	4	28	78.01
00000011	2019	4	29	78.01
00000011	2019	4	30	78.01
00000011	2019	5	1	78.01
00000011	2019	5	2	78.01
00000011	2019	5	3	78.01
00000011	2019	5	4	78.01
00000011	2019	5	5	78
00000011	2019	5	6	78
00000011	2019	5	7	77.9
00000011	2019	5	8	77.73
00000011	2019	5	9	77.53
00000011	2019	5	10	77.32
00000011	2019	5	11	77.1
00000011	2019	5	12	76.89
00000011	2019	5	13	76.68
00000011	2019	5	14	76.48
00000011	2019	5	15	76.29
00000011	2019	5	16	76.12
00000011	2019	5	17	75.95
00000011	2019	5	18	75.79
00000011	2019	5	19	75.64
00000011	2019	5	20	75.49
00000011	2019	5	21	75.35
00000011	2019	5	22	75.21
00000011	2019	5	23	75.08
00000011	2019	5	24	74.96
00000011	2019	5	25	74.85
00000011	2019	5	26	74.74
00000011	2019	5	27	74.64
00000011	2019	5	28	74.54
00000011	2019	5	29	74.44
00000011	2019	5	30	74.35
00000011	2019	5	31	74.26
00000011	2019	6	1	74.18
00000011	2019	6	2	74.11
00000011	2019	6	3	74.03
00000011	2019	6	4	73.97
00000011	2019	6	5	73.9
00000011	2019	6	6	73.84
00000011	2019	6	7	73.78
00000011	2019	6	8	73.72
00000011	2019	6	9	73.67
00000011	2019	6	10	73.61
00000011	2019	6	11	73.57
00000011	2019	6	12	73.53
00000011	2019	6	13	73.48
00000011	2019	6	14	73.45
00000011	2019	6	15	73.41
00000011	2019	6	16	73.38
00000011	2019	6	17	73.35
00000011	2019	6	18	73.33
00000011	2019	6	19	73.3
00000011	2019	6	20	73.28
00000011	2019	6	21	73.26
00000011	2019	6	22	73.24
00000011	2019	6	23	73.23
00000011	2019	6	24	73.21
00000011	2019	6	25	73.2
00000011	2019	6	26	73.19
00000011	2019	6	27	73.19
00000011	2019	6	28	73.18
00000011	2019	6	29	73.18
00000011	2019	6	30	73.18
00000011	2019	7	1	73.18
00000011	2019	7	2	73.18
00000011	2019	7	3	73.19
00000011	2019	7	4	73.19
00000011	2019	7	5	73.19
00000011	2019	7	6	73.2
00000011	2019	7	7	73.21
00000011	2019	7	8	73.22
00000011	2019	7	9	73.22
00000011	2019	7	10	73.23
00000011	2019	7	11	73.24
00000011	2019	7	12	73.25
00000011	2019	7	13	73.27
00000011	2019	7	14	73.28
00000011	2019	7	15	73.3
00000011	2019	7	16	73.32
00000011	2019	7	17	73.33
00000011	2019	7	18	73.35
00000011	2019	7	19	73.37
00000011	2019	7	20	73.39
00000011	2019	7	21	73.41
00000011	2019	7	22	73.43
00000011	2019	7	23	73.45
00000011	2019	7	24	73.47
00000011	2019	7	25	73.49
00000011	2019	7	26	73.51
00000011	2019	7	27	73.54
00000011	2019	7	28	73.57
00000011	2019	7	29	73.59
00000011	2019	7	30	73.62
00000011	2019	7	31	73.65
00000011	2019	8	1	73.68
00000011	2019	8	2	73.71
00000011	2019	8	3	73.74
00000011	2019	8	4	73.77
00000011	2019	8	5	73.8
00000011	2019	8	6	73.82
00000011	2019	8	7	73.85
00000011	2019	8	8	73.88
00000011	2019	8	9	73.9
00000011	2019	8	10	73.89
00000011	2019	8	11	73.92
00000011	2019	8	12	73.95
00000011	2019	8	13	73.99
00000011	2019	8	14	74.02
00000011	2019	8	15	74.05
00000011	2019	8	16	74.09
00000011	2019	8	17	74.12
00000011	2019	8	18	74.16
00000011	2019	8	19	74.2
00000011	2019	8	20	74.24
00000011	2019	8	21	74.28
00000011	2019	8	22	74.32
00000011	2019	8	23	74.36
00000011	2019	8	24	74.4
00000011	2019	8	25	74.44
00000011	2019	8	26	74.37
00000011	2019	8	27	74.35
00000011	2019	8	28	74.34
00000011	2019	8	29	74.38
00000011	2019	8	30	74.42
00000011	2019	8	31	74.46
00000011	2019	9	1	74.51
00000011	2019	9	2	74.55
00000011	2019	9	3	74.59
00000011	2019	9	4	74.63
00000011	2019	9	5	74.68
00000011	2019	9	6	74.72
00000011	2019	9	7	74.76
00000011	2019	9	8	74.81
00000011	2019	9	9	74.85
00000011	2019	9	10	74.89
00000011	2019	9	11	74.94
00000011	2019	9	12	74.98
00000011	2019	9	13	75.02
00000011	2019	9	14	75.06
00000011	2019	9	15	75.1
00000011	2019	9	16	75.14
00000011	2019	9	17	75.18
00000011	2019	9	18	75.22
00000011	2019	9	19	75.26
00000011	2019	9	20	75.31
00000011	2019	9	21	75.35
00000011	2019	9	22	75.39
00000011	2019	9	23	75.42
00000011	2019	9	24	75.45
00000011	2019	9	25	75.49
00000011	2019	9	26	75.52
00000011	2019	9	27	75.55
00000011	2019	9	28	75.59
00000011	2019	9	29	75.62
00000011	2019	9	30	75.66
00000011	2019	10	1	75.69
00000011	2019	10	2	75.73
00000011	2019	10	3	75.76
00000011	2019	10	4	75.8
00000011	2019	10	5	75.84
00000011	2019	10	6	75.87
00000011	2019	10	7	75.91
00000011	2019	10	8	75.95
00000011	2019	10	9	75.98
00000011	2019	10	10	76.02
00000011	2019	10	11	76.06
00000011	2019	10	12	76.1
00000011	2019	10	13	76.14
00000011	2019	10	14	76.17
00000011	2019	10	15	76.21
00000011	2019	10	16	76.25
00000011	2019	10	17	76.29
00000011	2019	10	18	76.32
00000011	2019	10	19	76.36
00000011	2019	10	20	76.4
00000011	2019	10	21	76.44
00000011	2019	10	22	76.49
00000011	2019	10	23	76.53
00000011	2019	10	24	76.57
00000011	2019	10	25	76.59
00000011	2019	10	26	76.39
00000011	2019	10	27	76.44
00000011	2019	10	28	76.48
00000011	2019	10	29	76.52
00000011	2019	10	30	76.56
00000011	2019	10	31	76.6
00000011	2019	11	1	76.64
00000011	2019	11	2	76.67
00000011	2019	11	3	76.71
00000011	2019	11	4	76.74
00000011	2019	11	5	76.78
00000011	2019	11	6	76.81
00000011	2019	11	7	76.85
00000011	2019	11	8	76.88
00000011	2019	11	9	76.9
00000011	2019	11	10	76.91
00000011	2019	11	11	76.93
00000011	2019	11	12	76.94
00000011	2019	11	13	76.95
00000011	2019	11	14	76.96
00000011	2019	11	15	76.97
00000011	2019	11	16	76.98
00000011	2019	11	17	76.99
00000011	2019	11	18	77
00000011	2019	11	19	77.01
00000011	2019	11	20	77.02
00000011	2019	11	21	77.03
00000011	2019	11	22	77.03
00000011	2019	11	23	77.04
00000011	2019	11	24	77.05
00000011	2019	11	25	77.06
00000011	2019	11	26	77.07
00000011	2019	11	27	77.07
00000011	2019	11	28	77.08
00000011	2019	11	29	77.09
00000011	2019	11	30	77.1
00000011	2019	12	1	77.11
00000011	2019	12	2	77.12
00000011	2019	12	3	77.14
00000011	2019	12	4	77.15
00000011	2019	12	5	77.17
00000011	2019	12	6	77.18
00000011	2019	12	7	77.2
00000011	2019	12	8	77.22
00000011	2019	12	9	77.23
00000011	2019	12	10	77.25
00000011	2019	12	11	77.28
00000011	2019	12	12	77.3
00000011	2019	12	13	77.32
00000011	2019	12	14	77.34
00000011	2019	12	15	77.36
00000011	2019	12	16	77.39
00000011	2019	12	17	77.41
00000011	2019	12	18	77.44
00000011	2019	12	19	77.47
00000011	2019	12	20	77.49
00000011	2019	12	21	77.52
00000011	2019	12	22	77.55
00000011	2019	12	23	77.58
00000011	2019	12	24	77.6
00000011	2019	12	25	77.64
00000011	2019	12	26	77.67
00000011	2019	12	27	77.7
00000011	2019	12	28	77.74
00000011	2019	12	29	77.77
00000011	2019	12	30	77.8
00000011	2019	12	31	77.84
00000011	2020	1	1	77.87
00000011	2020	1	2	77.91
00000011	2020	1	3	77.94
00000011	2020	1	4	77.96
00000011	2020	1	5	77.99
00000011	2020	1	6	78.02
00000011	2020	1	7	78.05
00000011	2020	1	8	78.08
00000011	2020	1	9	78.11
00000011	2020	1	10	78.14
00000011	2020	1	11	78.16
00000011	2020	1	12	78.19
00000011	2020	1	13	78.21
00000011	2020	1	14	78.23
00000011	2020	1	15	78.25
00000011	2020	1	16	78.26
00000011	2020	1	17	78.28
00000011	2020	1	18	78.3
00000011	2020	1	19	78.32
00000011	2020	1	20	78.34
00000011	2020	1	21	78.36
00000011	2020	1	22	78.38
00000011	2020	1	23	78.39
00000011	2020	1	24	78.41
00000011	2020	1	25	78.43
00000011	2020	1	26	78.44
00000011	2020	1	27	78.45
00000011	2020	1	28	78.47
00000011	2020	1	29	78.48
00000011	2020	1	30	78.49
00000011	2020	1	31	78.51
00000011	2020	2	1	78.52
00000011	2020	2	2	78.53
00000011	2020	2	3	78.55
00000011	2020	2	4	78.56
00000011	2020	2	5	78.57
00000011	2020	2	6	78.58
00000011	2020	2	7	78.58
00000011	2020	2	8	78.59
00000011	2020	2	9	78.6
00000011	2020	2	10	78.61
00000011	2020	2	11	78.61
00000011	2020	2	12	78.62
00000011	2020	2	13	78.62
00000011	2020	2	14	78.63
00000011	2020	2	15	78.64
00000011	2020	2	16	78.65
00000011	2020	2	17	78.66
00000011	2020	2	18	78.66
00000011	2020	2	19	78.67
00000011	2020	2	20	78.68
00000011	2020	2	21	78.69
00000011	2020	2	22	78.69
00000011	2020	2	23	78.7
00000011	2020	2	24	78.71
00000011	2020	2	25	78.71
00000011	2020	2	26	78.72
00000011	2020	2	27	78.72
00000011	2020	2	28	78.73
00000011	2020	2	29	78.74
00000011	2020	3	1	78.74
00000011	2020	3	2	78.75
00000011	2020	3	3	78.76
00000011	2020	3	4	78.76
00000011	2020	3	5	78.76
00000011	2020	3	6	78.76
00000011	2020	3	7	78.76
00000011	2020	3	8	78.76
00000011	2020	3	9	78.76
00000011	2020	3	10	78.77
00000011	2020	3	11	78.77
00000011	2020	3	12	78.77
00000011	2020	3	13	78.77
00000011	2020	3	14	78.77
00000011	2020	3	15	78.77
00000011	2020	3	16	78.78
00000011	2020	3	17	78.78
00000011	2020	3	18	78.78
00000011	2020	3	19	78.79
00000011	2020	3	20	78.79
00000011	2020	3	21	78.79
00000011	2020	3	22	78.8
00000011	2020	3	23	78.8
00000011	2020	3	24	78.8
00000011	2020	3	25	78.8
00000011	2020	3	26	78.8
00000011	2020	3	27	78.8
00000011	2020	3	28	78.81
00000011	2020	3	29	78.81
00000011	2020	3	30	78.81
00000011	2020	3	31	78.81
00000011	2020	4	1	78.81
00000011	2020	4	2	78.82
00000011	2020	4	3	78.82
00000011	2020	4	4	78.82
00000011	2020	4	5	78.82
00000011	2020	4	6	78.83
00000011	2020	4	7	78.83
00000011	2020	4	8	78.83
00000011	2020	4	9	78.83
00000011	2020	4	10	78.83
00000011	2020	4	11	78.83
00000011	2020	4	12	78.83
00000011	2020	4	13	78.83
00000011	2020	4	14	78.83
00000011	2020	4	15	78.83
00000011	2020	4	16	78.83
00000011	2020	4	17	78.84
00000011	2020	4	18	78.84
00000011	2020	4	19	78.84
00000011	2020	4	20	78.83
00000011	2020	4	21	78.82
00000011	2020	4	22	78.81
00000011	2020	4	23	78.81
00000011	2020	4	24	78.79
00000011	2020	4	25	78.79
00000011	2020	4	26	78.78
00000011	2020	4	27	78.77
00000011	2020	4	28	78.77
00000011	2020	4	29	78.76
00000011	2020	4	30	78.76
00000011	2020	5	1	78.75
00000011	2020	5	2	78.75
00000011	2020	5	3	78.74
00000011	2020	5	4	78.74
00000011	2020	5	5	78.74
00000011	2020	5	6	78.73
00000011	2020	5	7	78.73
00000011	2020	5	8	78.73
00000011	2020	5	9	78.72
00000011	2020	5	10	78.72
00000011	2020	5	11	78.72
00000011	2020	5	12	78.72
00000011	2020	5	13	78.72
00000011	2020	5	14	78.72
00000011	2020	5	15	78.72
00000011	2020	5	16	78.72
00000011	2020	5	17	78.72
00000011	2020	5	18	78.72
00000011	2020	5	19	78.71
00000011	2020	5	20	78.71
00000011	2020	5	21	78.71
00000011	2020	5	22	78.71
00000011	2020	5	23	78.71
00000011	2020	5	24	78.71
00000011	2020	5	25	78.72
00000011	2020	5	26	78.72
00000011	2020	5	27	78.72
00000011	2020	5	28	78.72
00000011	2020	5	29	78.72
00000011	2020	5	30	78.72
00000011	2020	5	31	78.72
00000011	2020	6	1	78.73
00000011	2020	6	2	78.73
00000011	2020	6	3	78.74
00000011	2020	6	4	78.74
00000011	2020	6	5	78.75
00000011	2020	6	6	78.76
00000011	2020	6	7	78.76
00000011	2020	6	8	78.77
00000011	2020	6	9	78.77
00000011	2020	6	10	78.78
00000011	2020	6	11	78.79
00000011	2020	6	12	78.79
00000011	2020	6	13	78.8
00000011	2020	6	14	78.81
00000011	2020	6	15	78.82
00000011	2020	6	16	78.83
00000011	2020	6	17	78.84
00000011	2020	6	18	78.85
00000011	2020	6	19	78.86
00000011	2020	6	20	78.87
00000011	2020	6	21	78.88
00000011	2020	6	22	78.9
00000011	2020	6	23	78.91
00000011	2020	6	24	78.92
00000011	2020	6	25	78.93
00000011	2020	6	26	78.94
00000011	2020	6	27	78.95
00000011	2020	6	28	78.96
00000011	2020	6	29	78.97
00000011	2020	6	30	78.99
00000011	2020	7	1	79
00000011	2020	7	2	79.01
00000011	2020	7	3	79.03
00000011	2020	7	4	79.04
00000011	2020	7	5	79.06
00000011	2020	7	6	79.08
00000011	2020	7	7	79.09
00000011	2020	7	8	79.11
00000011	2020	7	9	79.13
00000011	2020	7	10	79.15
00000011	2020	7	11	79.17
00000011	2020	7	12	79.18
00000011	2020	7	13	79.21
00000011	2020	7	14	79.22
00000011	2020	7	15	79.25
00000011	2020	7	16	79.26
00000011	2020	7	17	79.29
00000011	2020	7	18	79.31
00000011	2020	7	19	79.33
00000011	2020	7	20	79.35
00000011	2020	7	21	79.37
00000011	2020	7	22	79.39
00000011	2020	7	23	79.41
00000011	2020	7	24	79.43
00000011	2020	7	25	79.46
00000011	2020	7	26	79.48
00000011	2020	7	27	79.51
00000011	2020	7	28	79.53
00000011	2020	7	29	79.55
00000011	2020	7	30	79.58
00000011	2020	7	31	79.61
00000011	2020	8	1	79.63
00000011	2020	8	2	79.66
00000011	2020	8	3	79.69
00000011	2020	8	4	79.72
00000011	2020	8	5	79.75
00000011	2020	8	6	79.78
00000011	2020	8	7	79.81
00000011	2020	8	8	79.85
00000011	2020	8	9	79.88
00000011	2020	8	10	79.91
00000011	2020	8	11	79.94
00000011	2020	8	12	79.98
00000011	2020	8	13	80.02
00000011	2020	8	14	80.05
00000011	2020	8	15	80.08
00000011	2020	8	16	80.11
00000011	2020	8	17	80.15
00000011	2020	8	18	80.18
00000011	2020	8	19	80.22
00000011	2020	8	20	80.25
00000011	2020	8	21	80.29
00000011	2020	8	22	80.32
00000011	2020	8	23	80.35
00000011	2020	8	24	80.39
00000011	2020	8	25	80.42
00000011	2020	8	26	80.45
00000011	2020	8	27	80.49
00000011	2020	8	28	80.52
00000011	2020	8	29	80.55
00000011	2020	8	30	80.58
00000011	2020	8	31	80.61
00000011	2020	9	1	80.64
00000011	2020	9	2	80.67
00000011	2020	9	3	80.7
00000011	2020	9	4	80.74
00000011	2020	9	5	80.77
00000011	2020	9	6	80.8
00000011	2020	9	7	80.83
00000011	2020	9	8	80.87
00000011	2020	9	9	80.9
00000011	2020	9	10	80.93
00000011	2020	9	11	80.96
00000011	2020	9	12	80.98
00000011	2020	9	13	81.01
00000011	2020	9	14	81.03
00000011	2020	9	15	81.05
00000011	2020	9	16	81.07
00000011	2020	9	17	81.09
00000011	2020	9	18	81.11
00000011	2020	9	19	81.14
00000011	2020	9	20	81.16
00000011	2020	9	21	81.18
00000011	2020	9	22	81.2
00000011	2020	9	23	81.22
00000011	2020	9	24	81.24
00000011	2020	9	25	81.26
00000011	2020	9	26	81.28
00000011	2020	9	27	81.3
00000011	2020	9	28	81.32
00000011	2020	9	29	81.33
00000011	2020	9	30	81.35
00000011	2020	10	1	81.37
00000011	2020	10	2	81.39
00000011	2020	10	3	81.41
00000011	2020	10	4	81.43
00000011	2020	10	5	81.45
00000011	2020	10	6	81.46
00000011	2020	10	7	81.48
00000011	2020	10	8	81.5
00000011	2020	10	9	81.52
00000011	2020	10	10	81.53
00000011	2020	10	11	81.54
00000011	2020	10	12	81.55
00000011	2020	10	13	81.57
00000011	2020	10	14	81.58
00000011	2020	10	15	81.6
00000011	2020	10	16	81.61
00000011	2020	10	17	81.62
00000011	2020	10	18	81.63
00000011	2020	10	19	81.65
00000011	2020	10	20	81.66
00000011	2020	10	21	81.67
00000011	2020	10	22	81.68
00000011	2020	10	23	81.7
00000011	2020	10	24	81.71
00000011	2020	10	25	81.72
00000011	2020	10	26	81.73
00000011	2020	10	27	81.74
00000011	2020	10	28	81.74
00000011	2020	10	29	81.67
00000011	2020	10	30	81.67
00000011	2020	10	31	81.65
00000011	2020	11	1	81.62
00000011	2020	11	2	81.59
00000011	2020	11	3	81.57
00000011	2020	11	4	81.54
00000011	2020	11	5	81.52
00000011	2020	11	6	81.49
00000011	2020	11	7	81.47
00000011	2020	11	8	81.44
00000011	2020	11	9	81.42
00000011	2020	11	10	81.39
00000011	2020	11	11	81.37
00000011	2020	11	12	81.35
00000011	2020	11	13	81.32
00000011	2020	11	14	81.3
00000011	2020	11	15	81.28
00000011	2020	11	16	81.26
00000011	2020	11	17	81.24
00000011	2020	11	18	81.22
00000011	2020	11	19	81.2
00000011	2020	11	20	81.18
00000011	2020	11	21	81.16
00000011	2020	11	22	81.15
00000011	2020	11	23	81.13
00000011	2020	11	24	81.11
00000011	2020	11	25	81.09
00000011	2020	11	26	81.07
00000011	2020	11	27	81.06
00000011	2020	11	28	81.04
00000011	2020	11	29	81.01
00000011	2020	11	30	80.99
00000011	2020	12	1	80.97
00000011	2020	12	2	80.95
00000011	2020	12	3	80.93
00000011	2020	12	4	80.91
00000011	2020	12	5	80.89
00000011	2020	12	6	80.87
00000011	2020	12	7	80.85
00000011	2020	12	8	80.83
00000011	2020	12	9	80.82
00000011	2020	12	10	80.8
00000011	2020	12	11	80.78
00000011	2020	12	12	80.76
00000011	2020	12	13	80.75
00000011	2020	12	14	80.72
00000011	2020	12	15	80.71
00000011	2020	12	16	80.69
00000011	2020	12	17	80.67
00000011	2020	12	18	80.65
00000011	2020	12	19	80.64
00000011	2020	12	20	80.62
00000011	2020	12	21	80.6
00000011	2020	12	22	80.59
00000011	2020	12	23	80.57
00000011	2020	12	24	80.55
00000011	2020	12	25	80.54
00000011	2020	12	26	80.52
00000011	2020	12	27	80.5
00000011	2020	12	28	80.49
00000011	2020	12	29	80.47
00000011	2020	12	30	80.45
00000011	2020	12	31	80.44
00000011	2021	1	1	80.42
00000011	2021	1	2	80.4
00000011	2021	1	3	80.39
00000011	2021	1	4	80.37
00000011	2021	1	5	80.36
00000011	2021	1	6	80.34
00000011	2021	1	7	80.33
00000011	2021	1	8	80.31
00000011	2021	1	9	80.3
00000011	2021	1	10	80.29
00000011	2021	1	11	80.28
00000011	2021	1	12	80.26
00000011	2021	1	13	80.25
00000011	2021	1	14	80.24
00000011	2021	1	15	80.22
00000011	2021	1	16	80.21
00000011	2021	1	17	80.19
00000011	2021	1	18	80.19
00000011	2021	1	19	80.18
00000011	2021	1	20	80.17
00000011	2021	1	21	80.16
00000011	2021	1	22	80.14
00000011	2021	1	23	80.13
00000011	2021	1	24	80.13
00000011	2021	1	25	80.11
00000011	2021	1	26	80.1
00000011	2021	1	27	80.09
00000011	2021	1	28	80.08
00000011	2021	1	29	80.07
00000011	2021	1	30	80.05
00000011	2021	1	31	80.04
00000011	2021	2	1	80.02
00000011	2021	2	2	80.02
00000011	2021	2	3	80.01
00000011	2021	2	4	79.99
00000011	2021	2	5	79.98
00000011	2021	2	6	79.97
00000011	2021	2	7	79.96
00000011	2021	2	8	79.94
00000011	2021	2	9	79.93
00000011	2021	2	10	79.92
00000011	2021	2	11	79.91
00000011	2021	2	12	79.89
00000011	2021	2	13	79.88
00000011	2021	2	14	79.87
00000011	2021	2	15	79.86
00000011	2021	2	16	79.84
00000011	2021	2	17	79.83
00000011	2021	2	18	79.82
00000011	2021	2	19	79.81
00000011	2021	2	20	79.79
00000011	2021	2	21	79.78
00000011	2021	2	22	79.77
00000011	2021	2	23	79.76
00000011	2021	2	24	79.75
00000011	2021	2	25	79.74
00000011	2021	2	26	79.73
00000011	2021	2	27	79.72
00000011	2021	2	28	79.71
00000011	2021	3	1	79.7
00000011	2021	3	2	79.69
00000011	2021	3	3	79.68
00000011	2021	3	4	79.67
00000011	2021	3	5	79.66
00000011	2021	3	6	79.65
00000011	2021	3	7	79.64
00000011	2021	3	8	79.63
00000011	2021	3	9	79.63
00000011	2021	3	10	79.62
00000011	2021	3	11	79.61
00000011	2021	3	12	79.6
00000011	2021	3	13	79.6
00000011	2021	3	14	79.59
00000011	2021	3	15	79.58
00000011	2021	3	16	79.57
00000011	2021	3	17	79.56
00000011	2021	3	18	79.55
00000011	2021	3	19	79.54
00000011	2021	3	20	79.53
00000011	2021	3	21	79.52
00000011	2021	3	22	79.51
00000011	2021	3	23	79.5
00000011	2021	3	24	79.49
00000011	2021	3	25	79.48
00000011	2021	3	26	79.46
00000011	2021	3	27	79.45
00000011	2021	3	28	79.44
00000011	2021	3	29	79.43
00000011	2021	3	30	79.42
00000011	2021	3	31	79.39
00000011	2021	4	1	79.36
00000011	2021	4	2	79.35
00000011	2021	4	3	79.34
00000011	2021	4	4	79.33
00000011	2021	4	5	79.32
00000011	2021	4	6	79.31
00000011	2021	4	7	79.3
00000011	2021	4	8	79.29
00000011	2021	4	9	79.28
00000011	2021	4	10	79.27
00000011	2021	4	11	79.26
00000011	2021	4	12	79.24
00000011	2021	4	13	79.23
00000011	2021	4	14	79.22
00000011	2021	4	15	79.21
00000011	2021	4	16	79.2
00000011	2021	4	17	79.19
00000011	2021	4	18	79.18
00000011	2021	4	19	79.17
00000011	2021	4	20	79.17
00000011	2021	4	21	79.17
00000011	2021	4	22	79.17
00000011	2021	4	23	79.17
00000011	2021	4	24	79.17
00000011	2021	4	25	79.17
00000011	2021	4	26	79.17
00000011	2021	4	27	79.17
00000011	2021	4	28	79.17
00000011	2021	4	29	79.17
00000011	2021	4	30	79.17
00000011	2021	5	1	79.17
00000011	2021	5	2	79.17
00000011	2021	5	3	79.17
00000011	2021	5	4	79.17
00000011	2021	5	5	79.17
00000011	2021	5	6	79.17
00000011	2021	5	7	79.17
00000011	2021	5	8	79.17
00000011	2021	5	9	79.17
00000011	2021	5	10	79.17
00000011	2021	5	11	79.17
00000011	2021	5	12	79.17
00000011	2021	5	13	79.17
00000011	2021	5	14	79.17
00000011	2021	5	15	79.17
00000011	2021	5	16	79.17
00000011	2021	5	17	79.17
00000011	2021	5	18	79.17
00000011	2021	5	19	79.17
00000011	2021	5	20	79.17
00000011	2021	5	21	79.17
00000011	2021	5	22	79.17
00000011	2021	5	23	79.17
00000011	2021	5	24	79.17
00000011	2021	5	25	79.17
00000011	2021	5	26	79.17
00000011	2021	5	27	79.17
00000011	2021	5	28	79.17
00000011	2021	5	29	79.17
00000011	2021	5	30	79.17
00000011	2021	5	31	79.17
00000011	2021	6	1	79.17
00000011	2021	6	2	79.17
00000011	2021	6	3	79.17
00000011	2021	6	4	79.17
00000011	2021	6	5	79.17
00000011	2021	6	6	79.17
00000011	2021	6	7	79.17
00000011	2021	6	8	79.17
00000011	2021	6	9	79.17
00000011	2021	6	10	79.17
00000011	2021	6	11	79.17
00000011	2021	6	12	79.17
00000011	2021	6	13	79.17
00000011	2021	6	14	79.17
00000011	2021	6	15	79.17
00000011	2021	6	16	79.17
00000011	2021	6	17	79.17
00000011	2021	6	18	79.17
00000011	2021	6	19	79.17
00000011	2021	6	20	79.17
00000011	2021	6	21	79.17
00000011	2021	6	22	79.17
00000011	2021	6	23	79.17
00000011	2021	6	24	79.17
00000011	2021	6	25	79.17
00000011	2021	6	26	79.17
00000011	2021	6	27	79.17
00000011	2021	6	28	79.17
00000011	2021	6	29	79.17
00000011	2021	6	30	79.17
00000011	2021	7	1	77.81
00000011	2021	7	2	77.35
00000011	2021	7	3	77.36
00000011	2021	7	4	77.36
00000011	2021	7	5	77.37
00000011	2021	7	6	77.38
00000011	2021	7	7	77.38
00000011	2021	7	8	77.39
00000011	2021	7	9	77.4
00000011	2021	7	10	77.4
00000011	2021	7	11	77.41
00000011	2021	7	12	77.38
00000011	2021	7	13	77.37
00000011	2021	7	14	77.38
00000011	2021	7	15	77.38
00000011	2021	7	16	77.39
00000011	2021	7	17	77.39
00000011	2021	7	18	77.4
00000011	2021	7	19	77.41
00000011	2021	7	20	77.41
00000011	2021	7	21	77.42
00000011	2021	7	22	77.42
00000011	2021	7	23	77.43
00000011	2021	7	24	77.43
00000011	2021	7	25	77.44
00000011	2021	7	26	77.45
00000011	2021	7	27	77.45
00000011	2021	7	28	77.46
00000011	2021	7	29	77.47
00000011	2021	7	30	77.48
00000011	2021	7	31	77.48
00000011	2021	8	1	77.49
00000011	2021	8	2	77.5
00000011	2021	8	3	77.51
00000011	2021	8	4	77.52
00000011	2021	8	5	77.52
00000011	2021	8	6	77.53
00000011	2021	8	7	77.54
00000011	2021	8	8	77.55
00000011	2021	8	9	77.57
00000011	2021	8	10	77.58
00000011	2021	8	11	77.58
00000011	2021	8	12	77.6
00000011	2021	8	13	77.61
00000011	2021	8	14	77.62
00000011	2021	8	15	77.63
00000011	2021	8	16	77.64
00000011	2021	8	17	77.64
00000011	2021	8	18	77.65
00000011	2021	8	19	77.66
00000011	2021	8	20	77.66
00000011	2021	8	21	77.67
00000011	2021	8	22	77.68
00000011	2021	8	23	77.68
00000011	2021	8	24	77.69
00000011	2021	8	25	77.7
00000011	2021	8	26	77.71
00000011	2021	8	27	77.72
00000011	2021	8	28	77.72
00000011	2021	8	29	77.73
00000011	2021	8	30	77.74
00000011	2021	8	31	77.74
00000011	2021	9	1	77.75
00000011	2021	9	2	77.75
00000011	2021	9	3	77.75
00000011	2021	9	4	77.76
00000011	2021	9	5	77.76
00000011	2021	9	6	77.77
00000011	2021	9	7	77.77
00000011	2021	9	8	77.78
00000011	2021	9	9	77.79
00000011	2021	9	10	77.79
00000011	2021	9	11	77.8
00000011	2021	9	12	77.81
00000011	2021	9	13	77.82
00000011	2021	9	14	77.82
00000011	2021	9	15	77.83
00000011	2021	9	16	77.83
00000011	2021	9	17	77.83
00000011	2021	9	18	77.75
00000011	2021	9	19	77.64
00000011	2021	9	20	77.64
00000011	2021	9	21	77.65
00000011	2021	9	22	77.66
00000011	2021	9	23	77.66
00000011	2021	9	24	77.67
00000011	2021	9	25	77.67
00000011	2021	9	26	77.68
00000011	2021	9	27	77.69
00000011	2021	9	28	77.69
