00000019	1967	7	17	8.09
00000019	1971	2	8	7.07
00000019	1985	4	25	9.78
00000019	1985	11	6	12.34
00000019	1986	4	23	11.44
00000019	1986	8	27	19.07
00000019	1986	10	30	11.72
00000019	1987	4	1	8.17
00000019	1987	10	8	19.81
00000019	1988	4	6	7.97
00000019	1988	10	27	13.08
00000019	1989	4	12	7.15
00000019	1989	11	2	13.51
00000019	1990	3	28	10.05
00000019	1990	10	4	15.99
00000019	1991	4	3	8.57
00000019	1991	10	21	17.16
00000019	1992	4	1	7.64
00000019	1992	11	5	6.86
00000019	1993	3	31	7.03
00000019	1993	11	4	15.76
00000019	1994	10	14	5.69
00000019	1995	11	6	10.48
00000019	1996	10	16	14.59
00000019	1997	10	2	12.64
00000019	1998	10	2	17.53
00000019	1999	10	7	17.48
00000019	2000	10	2	15.99
00000019	2001	10	29	15.61
00000019	2002	10	4	13.13
00000019	2003	10	16	13.16
00000019	2007	10	10	15.7
00000019	2009	11	17	7.28
00000019	2010	10	25	18.6
00000019	2011	2	16	24.208
00000019	2011	2	17	24.308
00000019	2011	2	18	24.432
00000019	2011	2	19	24.57
00000019	2011	2	20	24.66
00000019	2011	2	21	24.695
00000019	2011	2	22	16.891
00000019	2011	2	23	11.417
00000019	2011	2	24	11.522
00000019	2011	2	25	10.361
00000019	2011	2	26	10.352
00000019	2011	2	27	10.517
00000019	2011	2	28	10.363
00000019	2011	3	1	10.008
00000019	2011	3	2	10.194
00000019	2011	3	3	10.365
00000019	2011	3	4	10.541
00000019	2011	3	5	8.515
00000019	2011	3	6	5.278
00000019	2011	3	7	6.446
00000019	2011	3	8	6.412
00000019	2011	3	9	4.316
00000019	2011	3	10	5.796
00000019	2011	3	11	6.373
00000019	2011	3	12	6.895
00000019	2011	3	13	7.387
00000019	2011	3	14	7.636
00000019	2011	3	15	6.842
00000019	2011	3	16	6.869
00000019	2011	3	17	7.218
00000019	2011	3	18	7.547
00000019	2011	3	19	7.827
00000019	2011	3	20	8.268
00000019	2011	3	21	8.698
00000019	2011	3	22	8.995
00000019	2011	3	23	9.202
00000019	2011	3	24	9.374
00000019	2011	3	25	9.741
00000019	2011	3	26	7.426
00000019	2011	3	27	5.438
00000019	2011	3	28	5.493
00000019	2011	3	29	6.148
00000019	2011	3	30	6.399
00000019	2011	3	31	6.638
00000019	2011	4	1	6.968
00000019	2011	4	2	7.403
00000019	2011	4	3	7.698
00000019	2011	4	4	6.822
00000019	2011	4	5	5.803
00000019	2011	4	6	6.556
00000019	2011	4	7	7.06
00000019	2011	4	8	7.457
00000019	2011	4	9	7.613
00000019	2011	4	10	7.861
00000019	2011	4	11	8.053
00000019	2011	4	12	7.919
00000019	2011	4	13	8.273
00000019	2011	4	14	8.773
00000019	2011	4	15	7.557
00000019	2011	4	16	5.711
00000019	2011	4	17	6.536
00000019	2011	4	18	6.992
00000019	2011	4	19	7.382
00000019	2011	4	20	7.159
00000019	2011	4	21	5.951
00000019	2011	4	22	6.526
00000019	2011	4	23	6.957
00000019	2011	4	24	7.443
00000019	2011	4	25	7.679
00000019	2011	4	26	8.115
00000019	2011	4	27	7.418
00000019	2011	4	28	6.753
00000019	2011	4	29	7.157
00000019	2011	4	30	7.604
00000019	2011	5	1	8.028
00000019	2011	5	2	8.662
00000019	2011	5	3	8.482
00000019	2011	5	4	7.773
00000019	2011	5	5	8.153
00000019	2011	5	6	8.678
00000019	2011	5	7	9.262
00000019	2011	5	8	9.693
00000019	2011	5	9	10.067
00000019	2011	5	10	10.227
00000019	2011	5	11	10.557
00000019	2011	5	12	10.854
00000019	2011	5	13	10.817
00000019	2011	5	14	10.693
00000019	2011	5	15	10.863
00000019	2011	5	16	11.13
00000019	2011	5	17	11.372
00000019	2011	5	18	11.642
00000019	2011	5	19	11.961
00000019	2011	5	20	12.248
00000019	2011	5	21	12.483
00000019	2011	5	22	12.703
00000019	2011	5	23	12.906
00000019	2011	5	24	13.095
00000019	2011	5	25	13.267
00000019	2011	5	26	12.948
00000019	2011	5	27	12.169
00000019	2011	5	28	12.325
00000019	2011	5	29	12.678
00000019	2011	5	30	13.012
00000019	2011	5	31	13.292
00000019	2011	6	1	13.515
00000019	2011	6	2	13.696
00000019	2011	6	3	13.871
00000019	2011	6	4	14.055
00000019	2011	6	5	14.217
00000019	2011	6	6	14.361
00000019	2011	6	7	14.505
00000019	2011	6	8	14.647
00000019	2011	6	9	14.783
00000019	2011	6	10	14.907
00000019	2011	6	11	15.024
00000019	2011	6	12	15.141
00000019	2011	6	13	15.256
00000019	2011	6	14	15.35
00000019	2011	6	15	15.351
00000019	2011	6	16	14.047
00000019	2011	6	17	12.967
00000019	2011	6	18	11.882
00000019	2011	6	19	12.078
00000019	2011	6	20	12.622
00000019	2011	6	21	13.042
00000019	2011	6	22	12.388
00000019	2011	6	23	12.124
00000019	2011	6	24	12.273
00000019	2011	6	25	11.744
00000019	2011	6	26	11.776
00000019	2011	6	27	12.028
00000019	2011	6	28	11.472
00000019	2011	6	29	10.792
00000019	2011	6	30	11.347
00000019	2011	7	1	11.913
00000019	2011	7	2	12.447
00000019	2011	7	3	12.882
00000019	2011	7	4	13.245
00000019	2011	7	5	13.523
00000019	2011	7	6	13.732
00000019	2011	7	7	13.948
00000019	2011	7	8	14.149
00000019	2011	7	9	14.228
00000019	2011	7	10	14.261
00000019	2011	7	11	13.923
00000019	2011	7	12	13.977
00000019	2011	7	13	13.801
00000019	2011	7	14	13.908
00000019	2011	7	15	13.205
00000019	2011	7	16	13.021
00000019	2011	7	17	13.336
00000019	2011	7	18	13.667
00000019	2011	7	19	13.949
00000019	2011	7	20	14.204
00000019	2011	7	21	14.429
00000019	2011	7	22	14.657
00000019	2011	7	23	14.872
00000019	2011	7	24	15.062
00000019	2011	7	25	15.213
00000019	2011	7	26	15.308
00000019	2011	7	27	15.437
00000019	2011	7	28	15.58
00000019	2011	7	29	15.706
00000019	2011	7	30	15.717
00000019	2011	7	31	15.382
00000019	2011	8	1	15.467
00000019	2011	8	2	15.642
00000019	2011	8	3	15.797
00000019	2011	8	4	15.584
00000019	2011	8	5	14.474
00000019	2011	8	6	14.425
00000019	2011	8	7	14.625
00000019	2011	8	8	14.737
00000019	2011	8	9	13.682
00000019	2011	8	10	13.582
00000019	2011	8	11	13.902
00000019	2011	8	12	14.232
00000019	2011	8	13	14.497
00000019	2011	8	14	14.415
00000019	2011	8	15	14.549
00000019	2011	8	16	14.796
00000019	2011	8	17	15.04
00000019	2011	8	18	15.251
00000019	2011	8	19	15.442
00000019	2011	8	20	15.632
00000019	2011	8	21	15.807
00000019	2011	8	22	15.952
00000019	2011	8	23	16.077
00000019	2011	8	24	16.198
00000019	2011	8	25	16.302
00000019	2011	8	26	16.399
00000019	2011	8	27	16.493
00000019	2011	8	28	16.589
00000019	2011	8	29	16.692
00000019	2011	8	30	16.786
00000019	2011	8	31	16.877
00000019	2011	9	1	16.952
00000019	2011	9	2	16.971
00000019	2011	9	3	17.032
00000019	2011	9	4	17.071
00000019	2011	9	5	8.904
00000019	2011	9	6	6.407
00000019	2011	9	7	7.765
00000019	2011	9	8	9.278
00000019	2011	9	9	10.229
00000019	2011	9	10	10.837
00000019	2011	9	11	11.384
00000019	2011	9	12	11.953
00000019	2011	9	13	12.483
00000019	2011	9	14	12.925
00000019	2011	9	15	12.985
00000019	2011	9	16	13.188
00000019	2011	9	17	13.532
00000019	2011	9	18	13.814
00000019	2011	9	19	14.032
00000019	2011	9	20	14.037
00000019	2011	9	21	12.842
00000019	2011	9	22	12.788
00000019	2011	9	23	12.903
00000019	2011	9	24	13.231
00000019	2011	9	25	13.518
00000019	2011	9	26	13.594
00000019	2011	9	27	12.859
00000019	2011	9	28	12.872
00000019	2011	9	29	13.151
00000019	2011	9	30	13.45
00000019	2011	10	1	13.749
00000019	2011	10	2	14.008
00000019	2011	10	3	14.226
00000019	2011	10	4	14.416
00000019	2011	10	5	14.578
00000019	2011	10	6	14.733
00000019	2011	10	7	14.884
00000019	2011	10	8	15.023
00000019	2011	10	9	15.137
00000019	2011	10	10	15.226
00000019	2011	10	11	15.103
00000019	2011	10	12	14.834
00000019	2011	10	13	14.608
00000019	2011	10	14	14.056
00000019	2011	10	15	14.149
00000019	2011	10	16	14.38
00000019	2011	10	17	14.563
00000019	2011	10	18	14.711
00000019	2011	10	19	14.826
00000019	2011	10	20	14.981
00000019	2011	10	21	15.163
00000019	2011	10	22	15.305
00000019	2011	10	23	15.425
00000019	2011	10	24	15.55
00000019	2011	10	25	15.664
00000019	2011	10	26	15.738
00000019	2011	10	27	15.797
00000019	2011	10	28	15.82
00000019	2011	10	29	15.82
00000019	2011	10	30	15.82
00000019	2011	10	31	15.82
00000019	2011	11	1	15.82
00000019	2011	11	2	15.82
00000019	2011	11	3	15.82
00000019	2011	11	4	15.82
00000019	2011	11	5	15.82
00000019	2011	11	6	15.82
00000019	2011	11	7	15.82
00000019	2011	11	8	15.82
00000019	2011	11	9	15.82
00000019	2011	11	10	15.82
00000019	2011	11	11	15.82
00000019	2011	11	12	15.82
00000019	2011	11	13	15.82
00000019	2011	11	14	15.82
00000019	2011	11	15	15.82
00000019	2011	11	16	15.82
00000019	2011	11	17	15.82
00000019	2011	11	18	15.82
00000019	2011	11	19	15.82
00000019	2011	11	20	15.82
00000019	2011	11	21	15.82
00000019	2011	11	22	15.82
00000019	2011	11	23	15.82
00000019	2011	11	24	15.82
00000019	2011	11	25	15.82
00000019	2011	11	26	15.82
00000019	2011	11	27	15.82
00000019	2011	11	28	15.82
00000019	2011	11	29	15.82
00000019	2011	11	30	15.82
00000019	2011	12	1	15.82
00000019	2011	12	2	15.82
00000019	2011	12	3	15.82
00000019	2011	12	4	15.82
00000019	2011	12	5	15.82
00000019	2011	12	6	15.82
00000019	2011	12	7	15.82
00000019	2011	12	8	15.82
00000019	2011	12	9	15.82
00000019	2011	12	10	15.82
00000019	2011	12	11	15.82
00000019	2011	12	12	15.82
00000019	2011	12	13	15.82
00000019	2011	12	14	15.82
00000019	2011	12	15	15.82
00000019	2011	12	16	15.82
00000019	2011	12	17	15.82
00000019	2011	12	18	15.82
00000019	2011	12	19	15.82
00000019	2011	12	20	15.82
00000019	2011	12	21	15.82
00000019	2011	12	22	15.82
00000019	2011	12	23	15.82
00000019	2011	12	24	15.82
00000019	2011	12	25	15.82
00000019	2011	12	26	15.82
00000019	2011	12	27	15.82
00000019	2011	12	28	15.82
00000019	2011	12	29	15.82
00000019	2011	12	30	15.82
00000019	2011	12	31	15.82
00000019	2012	1	1	15.82
00000019	2012	1	2	15.82
00000019	2012	1	3	15.82
00000019	2012	1	4	15.82
00000019	2012	1	5	15.82
00000019	2012	1	6	15.82
00000019	2012	1	7	15.82
00000019	2012	1	8	15.82
00000019	2012	1	9	15.82
00000019	2012	1	10	15.82
00000019	2012	1	11	15.82
00000019	2012	1	12	15.82
00000019	2012	1	13	15.82
00000019	2012	1	14	15.82
00000019	2012	1	15	15.82
00000019	2012	1	16	15.82
00000019	2012	1	17	15.82
00000019	2012	1	18	15.82
00000019	2012	1	19	15.82
00000019	2012	1	20	15.82
00000019	2012	1	21	15.82
00000019	2012	1	22	15.82
00000019	2012	1	23	15.82
00000019	2012	1	24	15.82
00000019	2012	1	25	15.82
00000019	2012	1	26	15.82
00000019	2012	1	27	15.82
00000019	2012	1	28	15.82
00000019	2012	1	29	15.82
00000019	2012	1	30	15.82
00000019	2012	1	31	15.82
00000019	2012	2	1	15.82
00000019	2012	2	2	11.124
00000019	2012	2	3	6.622
00000019	2012	2	4	6.497
00000019	2012	2	5	6.36
00000019	2012	2	6	6.575
00000019	2012	2	7	6.791
00000019	2012	2	8	6.977
00000019	2012	2	9	7.138
00000019	2012	2	10	7.312
00000019	2012	2	11	7.799
00000019	2012	2	12	8.318
00000019	2012	2	13	8.541
00000019	2012	2	14	8.246
00000019	2012	2	15	8.238
00000019	2012	2	16	7.704
00000019	2012	2	17	7.615
00000019	2012	2	18	7.611
00000019	2012	2	19	6.957
00000019	2012	2	20	7.078
00000019	2012	2	21	7.187
00000019	2012	2	22	7.228
00000019	2012	2	23	7.187
00000019	2012	2	24	7.508
00000019	2012	2	25	8.286
00000019	2012	2	26	8.679
00000019	2012	2	27	8.976
00000019	2012	2	28	9.21
00000019	2012	2	29	9.164
00000019	2012	3	1	9.178
00000019	2012	3	2	9.26
00000019	2012	3	3	7.954
00000019	2012	3	4	8.408
00000019	2012	3	5	8.908
00000019	2012	3	6	9.257
00000019	2012	3	7	9.462
00000019	2012	3	8	8.874
00000019	2012	3	9	6.079
00000019	2012	3	10	6.854
00000019	2012	3	11	7.09
00000019	2012	3	12	7.402
00000019	2012	3	13	7.721
00000019	2012	3	14	7.961
00000019	2012	3	15	8.127
00000019	2012	3	16	7.972
00000019	2012	3	17	7.906
00000019	2012	3	18	8.118
00000019	2012	3	19	8.398
00000019	2012	3	20	8.777
00000019	2012	3	21	9.125
00000019	2012	3	22	9.274
00000019	2012	3	23	8.675
00000019	2012	3	24	8.398
00000019	2012	3	25	8.807
00000019	2012	3	26	9.236
00000019	2012	3	27	9.58
00000019	2012	3	28	9.837
00000019	2012	3	29	10.051
00000019	2012	3	30	10.158
00000019	2012	3	31	10.11
00000019	2012	4	1	10.202
00000019	2012	4	2	10.418
00000019	2012	4	3	10.633
00000019	2012	4	4	10.81
00000019	2012	4	5	10.943
00000019	2012	4	6	10.593
00000019	2012	4	7	10.891
00000019	2012	4	8	11.163
00000019	2012	4	9	11.405
00000019	2012	4	10	11.632
00000019	2012	4	11	11.876
00000019	2012	4	12	12.134
00000019	2012	4	13	12.356
00000019	2012	4	14	12.559
00000019	2012	4	15	12.737
00000019	2012	4	16	12.837
00000019	2012	4	17	12.798
00000019	2012	4	18	12.854
00000019	2012	4	19	12.926
00000019	2012	4	20	13.079
00000019	2012	4	21	13.236
00000019	2012	4	22	13.405
00000019	2012	4	23	13.577
00000019	2012	4	24	13.74
00000019	2012	4	25	13.882
00000019	2012	4	26	14.016
00000019	2012	4	27	14.152
00000019	2012	4	28	14.283
00000019	2012	4	29	14.412
00000019	2012	4	30	14.524
00000019	2012	5	1	14.631
00000019	2012	5	2	14.733
00000019	2012	5	3	14.837
00000019	2012	5	4	14.907
00000019	2012	5	5	14.984
00000019	2012	5	6	14.882
00000019	2012	5	7	14.632
00000019	2012	5	8	14.727
00000019	2012	5	9	14.842
00000019	2012	5	10	14.881
00000019	2012	5	11	15.006
00000019	2012	5	12	15.134
00000019	2012	5	13	14.759
00000019	2012	5	14	13.972
00000019	2012	5	15	13.881
00000019	2012	5	16	14.129
00000019	2012	5	17	14.392
00000019	2012	5	18	14.627
00000019	2012	5	19	14.854
00000019	2012	5	20	15.047
00000019	2012	5	21	15.164
00000019	2012	5	22	15.063
00000019	2012	5	23	15.123
00000019	2012	5	24	15.277
00000019	2012	5	25	15.427
00000019	2012	5	26	15.56
00000019	2012	5	27	15.669
00000019	2012	5	28	15.762
00000019	2012	5	29	15.847
00000019	2012	5	30	15.913
00000019	2012	5	31	15.985
00000019	2012	6	1	16.055
00000019	2012	6	2	16.132
00000019	2012	6	3	16.212
00000019	2012	6	4	14.939
00000019	2012	6	5	13.578
00000019	2012	6	6	13.4
00000019	2012	6	7	13.888
00000019	2012	6	8	14.306
00000019	2012	6	9	14.628
00000019	2012	6	10	13.743
00000019	2012	6	11	8.75
00000019	2012	6	12	8.855
00000019	2012	6	13	10.222
00000019	2012	6	14	10.915
00000019	2012	6	15	11.382
00000019	2012	6	16	12.06
00000019	2012	6	17	12.654
00000019	2012	6	18	13.123
00000019	2012	6	19	13.531
00000019	2012	6	20	13.869
00000019	2012	6	21	14.125
00000019	2012	6	22	14.348
00000019	2012	6	23	14.563
00000019	2012	6	24	14.767
00000019	2012	6	25	14.94
00000019	2012	6	26	15.106
00000019	2012	6	27	15.286
00000019	2012	6	28	15.455
00000019	2012	6	29	15.599
00000019	2012	6	30	15.723
00000019	2012	7	1	15.859
00000019	2012	7	2	15.987
00000019	2012	7	3	16.102
00000019	2012	7	4	16.195
00000019	2012	7	5	16.198
00000019	2012	7	6	15.398
00000019	2012	7	7	15.145
00000019	2012	7	8	15.326
00000019	2012	7	9	15.541
00000019	2012	7	10	15.654
00000019	2012	7	11	14.288
00000019	2012	7	12	11.322
00000019	2012	7	13	9.981
00000019	2012	7	14	10.993
00000019	2012	7	15	11.853
00000019	2012	7	16	12.542
00000019	2012	7	17	12.517
00000019	2012	7	18	9.773
00000019	2012	7	19	10.188
00000019	2012	7	20	8.671
00000019	2012	7	21	9.213
00000019	2012	7	22	10.245
00000019	2012	7	23	10.847
00000019	2012	7	24	11.334
00000019	2012	7	25	11.887
00000019	2012	7	26	12.45
00000019	2012	7	27	12.852
00000019	2012	7	28	12.475
00000019	2012	7	29	12.755
00000019	2012	7	30	13.153
00000019	2012	7	31	13.303
00000019	2012	8	1	13.429
00000019	2012	8	2	13.729
00000019	2012	8	3	14.023
00000019	2012	8	4	14.293
00000019	2012	8	5	14.475
00000019	2012	8	6	14.221
00000019	2012	8	7	14.322
00000019	2012	8	8	14.509
00000019	2012	8	9	13.908
00000019	2012	8	10	12.057
00000019	2012	8	11	10.06
00000019	2012	8	12	10.841
00000019	2012	8	13	11.358
00000019	2012	8	14	10.964
00000019	2012	8	15	11.314
00000019	2012	8	16	11.831
00000019	2012	8	17	12.313
00000019	2012	8	18	12.552
00000019	2012	8	19	12.706
00000019	2012	8	20	13.043
00000019	2012	8	21	13.396
00000019	2012	8	22	13.714
00000019	2012	8	23	13.988
00000019	2012	8	24	14.221
00000019	2012	8	25	14.437
00000019	2012	8	26	14.637
00000019	2012	8	27	14.811
00000019	2012	8	28	14.969
00000019	2012	8	29	15.118
00000019	2012	8	30	15.267
00000019	2012	8	31	15.423
00000019	2012	9	1	15.559
00000019	2012	9	2	15.445
00000019	2012	9	3	13.382
00000019	2012	9	4	12.437
00000019	2012	9	5	12.738
00000019	2012	9	6	13.243
00000019	2012	9	7	13.659
00000019	2012	9	8	13.964
00000019	2012	9	9	14.217
00000019	2012	9	10	14.465
00000019	2012	9	11	14.698
00000019	2012	9	12	14.917
00000019	2012	9	13	15.108
00000019	2012	9	14	15.278
00000019	2012	9	15	15.438
00000019	2012	9	16	15.582
00000019	2012	9	17	15.331
00000019	2012	9	18	8.179
00000019	2012	9	19	9.538
00000019	2012	9	20	10.648
00000019	2012	9	21	11.248
00000019	2012	9	22	11.834
00000019	2012	9	23	12.464
00000019	2012	9	24	13.01
00000019	2012	9	25	13.42
00000019	2012	9	26	13.752
00000019	2012	9	27	14.024
00000019	2012	9	28	14.246
00000019	2012	9	29	14.42
00000019	2012	9	30	14.563
00000019	2012	10	1	10.602
00000019	2012	10	2	9.609
00000019	2012	10	3	10.549
00000019	2012	10	4	11.13
00000019	2012	10	5	11.611
00000019	2012	10	6	12.047
00000019	2012	10	7	12.422
00000019	2012	10	8	12.642
00000019	2012	10	9	12.663
00000019	2012	10	10	12.943
00000019	2012	10	11	13.276
00000019	2012	10	12	13.293
00000019	2012	10	13	12.924
00000019	2012	10	14	13.073
00000019	2012	10	15	12.644
00000019	2012	10	16	12.365
00000019	2012	10	17	12.557
00000019	2012	10	18	11.275
00000019	2012	10	19	10.944
00000019	2012	10	20	11.373
00000019	2012	10	21	11.829
00000019	2012	10	22	12.258
00000019	2012	10	23	12.628
00000019	2012	10	24	12.955
00000019	2012	10	25	13.232
00000019	2012	10	26	13.467
00000019	2012	10	27	13.671
00000019	2012	10	28	13.855
00000019	2012	10	29	14.033
00000019	2012	10	30	14.167
00000019	2012	10	31	14.307
00000019	2012	11	1	14.445
00000019	2012	11	2	14.567
00000019	2012	11	3	14.689
00000019	2012	11	4	14.531
00000019	2012	11	5	14.514
00000019	2012	11	6	14.017
00000019	2012	11	7	13.276
00000019	2012	11	8	13.343
00000019	2012	11	9	13.617
00000019	2012	11	10	13.841
00000019	2012	11	11	14.028
00000019	2012	11	12	12.391
00000019	2012	11	13	10.342
00000019	2012	11	14	10.935
00000019	2012	11	15	11.37
00000019	2012	11	16	11.748
00000019	2012	11	17	12.12
00000019	2012	11	18	12.46
00000019	2012	11	19	12.739
00000019	2012	11	20	12.967
00000019	2012	11	21	13.184
00000019	2012	11	22	13.41
00000019	2012	11	23	13.597
00000019	2012	11	24	13.77
00000019	2012	11	25	13.911
00000019	2012	11	26	14.035
00000019	2012	11	27	14.02
00000019	2012	11	28	13.944
00000019	2012	11	29	14.059
00000019	2012	11	30	14.181
00000019	2012	12	1	14.291
00000019	2012	12	2	14.398
00000019	2012	12	3	14.495
00000019	2012	12	4	14.582
00000019	2012	12	5	14.342
00000019	2012	12	6	13.975
00000019	2012	12	7	13.982
00000019	2012	12	8	14.087
00000019	2012	12	9	14.216
00000019	2012	12	10	11.849
00000019	2012	12	11	9.725
00000019	2012	12	12	10.467
00000019	2012	12	13	10.948
00000019	2012	12	14	11.323
00000019	2012	12	15	11.611
00000019	2012	12	16	9.493
00000019	2012	12	17	7.402
00000019	2012	12	18	8.505
00000019	2012	12	19	9.285
00000019	2012	12	20	8.196
00000019	2012	12	21	8.1
00000019	2012	12	22	8.828
00000019	2012	12	23	9.314
00000019	2012	12	24	8.357
00000019	2012	12	25	8.316
00000019	2012	12	26	7.273
00000019	2012	12	27	7.919
00000019	2012	12	28	8.269
00000019	2012	12	29	7.661
00000019	2012	12	30	8.078
00000019	2012	12	31	8.515
00000019	2013	1	1	7.149
00000019	2013	1	2	6.793
00000019	2013	1	3	7.44
00000019	2013	1	4	7.931
00000019	2013	1	5	8.264
00000019	2013	1	6	8.442
00000019	2013	1	7	8.932
00000019	2013	1	8	9.288
00000019	2013	1	9	9.453
00000019	2013	1	10	9.451
00000019	2013	1	11	9.291
00000019	2013	1	12	8.138
00000019	2013	1	13	7.437
00000019	2013	1	14	5.348
00000019	2013	1	15	4.905
00000019	2013	1	16	5.573
00000019	2013	1	17	6.107
00000019	2013	1	18	6.431
00000019	2013	1	19	6.836
00000019	2013	1	20	7.313
00000019	2013	1	21	7.68
00000019	2013	1	22	8.019
00000019	2013	1	23	8.223
00000019	2013	1	24	8.39
00000019	2013	1	25	8.52
00000019	2013	1	26	8.769
00000019	2013	1	27	9.111
00000019	2013	1	28	9.328
00000019	2013	1	29	9.469
00000019	2013	1	30	7.558
00000019	2013	1	31	6.794
00000019	2013	2	1	7.36
00000019	2013	2	2	7.662
00000019	2013	2	3	7.884
00000019	2013	2	4	8.083
00000019	2013	2	5	8.224
00000019	2013	2	6	8.47
00000019	2013	2	7	8.655
00000019	2013	2	8	8.558
00000019	2013	2	9	8.718
00000019	2013	2	10	8.273
00000019	2013	2	11	7.027
00000019	2013	2	12	7.068
00000019	2013	2	13	6.738
00000019	2013	2	14	6.968
00000019	2013	2	15	7.372
00000019	2013	2	16	7.716
00000019	2013	2	17	7.998
00000019	2013	2	18	8.154
00000019	2013	2	19	7.472
00000019	2013	2	20	7.641
00000019	2013	2	21	7.627
00000019	2013	2	22	6.719
00000019	2013	2	23	6.693
00000019	2013	2	24	6.914
00000019	2013	2	25	7.143
00000019	2013	2	26	6.86
00000019	2013	2	27	7.104
00000019	2013	2	28	7.401
00000019	2013	3	1	7.648
00000019	2013	3	2	7.84
00000019	2013	3	3	8.061
00000019	2013	3	4	8.244
00000019	2013	3	5	8.147
00000019	2013	3	6	8.097
00000019	2013	3	7	8.294
00000019	2013	3	8	8.58
00000019	2013	3	9	8.834
00000019	2013	3	10	9.031
00000019	2013	3	11	7.933
00000019	2013	3	12	7.267
00000019	2013	3	13	7.607
00000019	2013	3	14	7.867
00000019	2013	3	15	7.966
00000019	2013	3	16	8.094
00000019	2013	3	17	8.352
00000019	2013	3	18	8.465
00000019	2013	3	19	8.527
00000019	2013	3	20	8.83
00000019	2013	3	21	9.066
00000019	2013	3	22	9.303
00000019	2013	3	23	8.268
00000019	2013	3	24	6.684
00000019	2013	3	25	6.958
00000019	2013	3	26	7.326
00000019	2013	3	27	7.604
00000019	2013	3	28	7.845
00000019	2013	3	29	8.027
00000019	2013	3	30	7.878
00000019	2013	3	31	6.804
00000019	2013	4	1	6.794
00000019	2013	4	2	7.168
00000019	2013	4	3	7.492
00000019	2013	4	4	6.86
00000019	2013	4	5	6.903
00000019	2013	4	6	7.144
00000019	2013	4	7	7.457
00000019	2013	4	8	7.713
00000019	2013	4	9	7.945
00000019	2013	4	10	8.178
00000019	2013	4	11	7.97
00000019	2013	4	12	6.729
00000019	2013	4	13	7.227
00000019	2013	4	14	7.622
00000019	2013	4	15	7.935
00000019	2013	4	16	8.202
00000019	2013	4	17	8.452
00000019	2013	4	18	8.727
00000019	2013	4	19	7.25
00000019	2013	4	20	7.373
00000019	2013	4	21	7.809
00000019	2013	4	22	8.101
00000019	2013	4	23	8.337
00000019	2013	4	24	8.602
00000019	2013	4	25	9.059
00000019	2013	4	26	9.443
00000019	2013	4	27	9.387
00000019	2013	4	28	8.076
00000019	2013	4	29	7.495
00000019	2013	4	30	7.963
00000019	2013	5	1	8.425
00000019	2013	5	2	8.914
00000019	2013	5	3	9.179
00000019	2013	5	4	6.927
00000019	2013	5	5	6.153
00000019	2013	5	6	5.658
00000019	2013	5	7	6.043
00000019	2013	5	8	6.609
00000019	2013	5	9	7.133
00000019	2013	5	10	7.509
00000019	2013	5	11	7.807
00000019	2013	5	12	8.204
00000019	2013	5	13	8.781
00000019	2013	5	14	9.226
00000019	2013	5	15	9.602
00000019	2013	5	16	9.934
00000019	2013	5	17	9.889
00000019	2013	5	18	8.892
00000019	2013	5	19	9.016
00000019	2013	5	20	8.898
00000019	2013	5	21	9.369
00000019	2013	5	22	9.761
00000019	2013	5	23	10.115
00000019	2013	5	24	10.451
00000019	2013	5	25	10.719
00000019	2013	5	26	10.927
00000019	2013	5	27	11.153
00000019	2013	5	28	11.407
00000019	2013	5	29	11.663
00000019	2013	5	30	11.922
00000019	2013	5	31	12.167
00000019	2013	6	1	12.358
00000019	2013	6	2	12.217
00000019	2013	6	3	12.302
00000019	2013	6	4	12.528
00000019	2013	6	5	12.606
00000019	2013	6	6	11.977
00000019	2013	6	7	11.814
00000019	2013	6	8	11.408
00000019	2013	6	9	11.771
00000019	2013	6	10	9.859
00000019	2013	6	11	10.068
00000019	2013	6	12	10.607
00000019	2013	6	13	10.802
00000019	2013	6	14	10.828
00000019	2013	6	15	11.268
00000019	2013	6	16	10.961
00000019	2013	6	17	8.607
00000019	2013	6	18	7.617
00000019	2013	6	19	7.503
00000019	2013	6	20	8.644
00000019	2013	6	21	9.408
00000019	2013	6	22	9.921
00000019	2013	6	23	10.326
00000019	2013	6	24	10.664
00000019	2013	6	25	10.914
00000019	2013	6	26	11.167
00000019	2013	6	27	11.14
00000019	2013	6	28	11.245
00000019	2013	6	29	11.601
00000019	2013	6	30	11.955
00000019	2013	7	1	12.306
00000019	2013	7	2	12.608
00000019	2013	7	3	12.307
00000019	2013	7	4	11.193
00000019	2013	7	5	11.01
00000019	2013	7	6	8.522
00000019	2013	7	7	6.057
00000019	2013	7	8	6.696
00000019	2013	7	9	7.894
00000019	2013	7	10	8.587
00000019	2013	7	11	6.515
00000019	2013	7	12	6.978
00000019	2013	7	13	7.908
00000019	2013	7	14	8.708
00000019	2013	7	15	9.346
00000019	2013	7	16	9.887
00000019	2013	7	17	10.283
00000019	2013	7	18	10.592
00000019	2013	7	19	10.855
00000019	2013	7	20	11.097
00000019	2013	7	21	11.398
00000019	2013	7	22	11.679
00000019	2013	7	23	11.942
00000019	2013	7	24	12.169
00000019	2013	7	25	12.415
00000019	2013	7	26	12.663
00000019	2013	7	27	12.878
00000019	2013	7	28	13.086
00000019	2013	7	29	13.297
00000019	2013	7	30	13.491
00000019	2013	7	31	10.531
00000019	2013	8	1	9.875
00000019	2013	8	2	10.731
00000019	2013	8	3	11.182
00000019	2013	8	4	11.614
00000019	2013	8	5	12.006
00000019	2013	8	6	12.239
00000019	2013	8	7	12.351
00000019	2013	8	8	12.561
00000019	2013	8	9	12.563
00000019	2013	8	10	12.785
00000019	2013	8	11	13.05
00000019	2013	8	12	13.226
00000019	2013	8	13	13.127
00000019	2013	8	14	13.189
00000019	2013	8	15	13.443
00000019	2013	8	16	13.663
00000019	2013	8	17	13.845
00000019	2013	8	18	13.989
00000019	2013	8	19	13.967
00000019	2013	8	20	13.887
00000019	2013	8	21	14.036
00000019	2013	8	22	14.01
00000019	2013	8	23	13.602
00000019	2013	8	24	13.785
00000019	2013	8	25	14.042
00000019	2013	8	26	14.243
00000019	2013	8	27	14.391
00000019	2013	8	28	14.523
00000019	2013	8	29	14.652
00000019	2013	8	30	14.735
00000019	2013	8	31	14.521
00000019	2013	9	1	14.612
00000019	2013	9	2	14.45
00000019	2013	9	3	14.142
00000019	2013	9	4	14.368
00000019	2013	9	5	14.619
00000019	2013	9	6	14.823
00000019	2013	9	7	14.975
00000019	2013	9	8	15.1
00000019	2013	9	9	15.223
00000019	2013	9	10	15.344
00000019	2013	9	11	15.451
00000019	2013	9	12	15.533
00000019	2013	9	13	15.35
00000019	2013	9	14	15.401
00000019	2013	9	15	15.549
00000019	2013	9	16	15.675
00000019	2013	9	17	15.781
00000019	2013	9	18	15.878
00000019	2013	9	19	15.966
00000019	2013	9	20	16.041
00000019	2013	9	21	13.482
00000019	2013	9	22	11.738
00000019	2013	9	23	12.772
00000019	2013	9	24	13.465
00000019	2013	9	25	13.784
00000019	2013	9	26	13.923
00000019	2013	9	27	14.181
00000019	2013	9	28	14.427
00000019	2013	9	29	14.637
00000019	2013	9	30	14.822
00000019	2013	10	1	15.006
00000019	2013	10	2	15.172
00000019	2013	10	3	15.325
00000019	2013	10	4	15.472
00000019	2013	10	5	15.611
00000019	2013	10	6	15.723
00000019	2013	10	7	15.647
00000019	2013	10	8	15.708
00000019	2013	10	9	15.853
00000019	2013	10	10	15.98
00000019	2013	10	11	16.086
00000019	2013	10	12	16.184
00000019	2013	10	13	16.275
00000019	2013	10	14	16.358
00000019	2013	10	15	16.424
00000019	2013	10	16	16.483
00000019	2013	10	17	15.973
00000019	2013	10	18	15.59
00000019	2013	10	19	15.728
00000019	2013	10	20	15.94
00000019	2013	10	21	16.132
00000019	2013	10	22	16.294
00000019	2013	10	23	16.432
00000019	2013	10	24	16.558
00000019	2013	10	25	16.669
00000019	2013	10	26	16.747
00000019	2013	10	27	16.809
00000019	2013	10	28	16.875
00000019	2013	10	29	16.938
00000019	2013	10	30	16.991
00000019	2013	10	31	17.024
00000019	2013	11	1	16.917
00000019	2013	11	2	16.887
00000019	2013	11	3	17
00000019	2013	11	4	17.096
00000019	2013	11	5	17.168
00000019	2013	11	6	17.215
00000019	2013	11	7	16.669
00000019	2013	11	8	16.178
00000019	2013	11	9	16.308
00000019	2013	11	10	16.501
00000019	2013	11	11	16.684
00000019	2013	11	12	16.848
00000019	2013	11	13	17
00000019	2013	11	14	17.093
00000019	2013	11	15	17.142
00000019	2013	11	16	17.147
00000019	2013	11	17	17.108
00000019	2013	11	18	16.601
00000019	2013	11	19	16.378
00000019	2013	11	20	16.427
00000019	2013	11	21	16.486
00000019	2013	11	22	16.483
00000019	2013	11	23	16.398
00000019	2013	11	24	16.328
00000019	2013	11	25	16.212
00000019	2013	11	26	10.726
00000019	2013	11	27	9.132
00000019	2013	11	28	10.551
00000019	2013	11	29	11.281
00000019	2013	11	30	11.887
00000019	2013	12	1	12.374
00000019	2013	12	2	12.699
00000019	2013	12	3	12.626
00000019	2013	12	4	12.792
00000019	2013	12	5	13.137
00000019	2013	12	6	12.595
00000019	2013	12	7	9.269
00000019	2013	12	8	8.938
00000019	2013	12	9	6.81
00000019	2013	12	10	6.765
00000019	2013	12	11	7.685
00000019	2013	12	12	8.585
00000019	2013	12	13	9.118
00000019	2013	12	14	8.073
00000019	2013	12	15	7.715
00000019	2013	12	16	8.43
00000019	2013	12	17	8.965
00000019	2013	12	18	9.446
00000019	2013	12	19	9.728
00000019	2013	12	20	9.951
00000019	2013	12	21	10.097
00000019	2013	12	22	6.94
00000019	2013	12	23	6.813
00000019	2013	12	24	7.488
00000019	2013	12	25	8.164
00000019	2013	12	26	8.637
00000019	2013	12	27	9.059
00000019	2013	12	28	8.856
00000019	2013	12	29	6.839
00000019	2013	12	30	7.078
00000019	2013	12	31	7.542
00000019	2014	1	1	7.788
00000019	2014	1	2	7.569
00000019	2014	1	3	7.615
00000019	2014	1	4	7.848
00000019	2014	1	5	7.988
00000019	2014	1	6	7.897
00000019	2014	1	7	8.222
00000019	2014	1	8	8.618
00000019	2014	1	9	8.899
00000019	2014	1	10	9.064
00000019	2014	1	11	7.572
00000019	2014	1	12	7.238
00000019	2014	1	13	7.378
00000019	2014	1	14	6.915
00000019	2014	1	15	7.203
00000019	2014	1	16	7.58
00000019	2014	1	17	7.891
00000019	2014	1	18	8.142
00000019	2014	1	19	8.452
00000019	2014	1	20	8.805
00000019	2014	1	21	9.123
00000019	2014	1	22	9.475
00000019	2014	1	23	9.792
00000019	2014	1	24	9.977
00000019	2014	1	25	9.98
00000019	2014	1	26	10.14
00000019	2014	1	27	10.325
00000019	2014	1	28	10.514
00000019	2014	1	29	10.612
00000019	2014	1	30	10.656
00000019	2014	1	31	10.712
00000019	2014	2	1	10.799
00000019	2014	2	2	10.512
00000019	2014	2	3	6.394
00000019	2014	2	4	6.823
00000019	2014	2	5	6.84
00000019	2014	2	6	7.082
00000019	2014	2	7	7.457
00000019	2014	2	8	7.708
00000019	2014	2	9	7.891
00000019	2014	2	10	8.072
00000019	2014	2	11	8.153
00000019	2014	2	12	7.648
00000019	2014	2	13	6.96
00000019	2014	2	14	6.893
00000019	2014	2	15	6.808
00000019	2014	2	16	7.108
00000019	2014	2	17	7.454
00000019	2014	2	18	7.692
00000019	2014	2	19	7.865
00000019	2014	2	20	7.964
00000019	2014	2	21	6.083
00000019	2014	2	22	6.563
00000019	2014	2	23	6.995
00000019	2014	2	24	7.366
00000019	2014	2	25	7.541
00000019	2014	2	26	7.784
00000019	2014	2	27	7.972
00000019	2014	2	28	8.182
00000019	2014	3	1	8.458
00000019	2014	3	2	8.744
00000019	2014	3	3	7.898
00000019	2014	3	4	7.75
00000019	2014	3	5	7.944
00000019	2014	3	6	8.172
00000019	2014	3	7	8.488
00000019	2014	3	8	8.849
00000019	2014	3	9	9.132
00000019	2014	3	10	9.298
00000019	2014	3	11	9.416
00000019	2014	3	12	9.579
00000019	2014	3	13	9.882
00000019	2014	3	14	10.017
00000019	2014	3	15	10.11
00000019	2014	3	16	8.169
00000019	2014	3	17	6.979
00000019	2014	3	18	7.113
00000019	2014	3	19	7.287
00000019	2014	3	20	7.703
00000019	2014	3	21	8.093
00000019	2014	3	22	8.464
00000019	2014	3	23	8.491
00000019	2014	3	24	8.835
00000019	2014	3	25	9.095
00000019	2014	3	26	9.419
00000019	2014	3	27	9.562
00000019	2014	3	28	9.102
00000019	2014	3	29	8.405
00000019	2014	3	30	7.963
00000019	2014	3	31	8.454
00000019	2014	4	1	8.828
00000019	2014	4	2	9.144
00000019	2014	4	3	9.371
00000019	2014	4	4	9.287
00000019	2014	4	5	9.65
00000019	2014	4	6	9.597
00000019	2014	4	7	6.2
00000019	2014	4	8	6.547
00000019	2014	4	9	6.898
00000019	2014	4	10	7.197
00000019	2014	4	11	7.496
00000019	2014	4	12	7.789
00000019	2014	4	13	8.006
00000019	2014	4	14	7.791
00000019	2014	4	15	7.353
00000019	2014	4	16	7.562
00000019	2014	4	17	7.926
00000019	2014	4	18	8.324
00000019	2014	4	19	8.767
00000019	2014	4	20	9.198
00000019	2014	4	21	9.477
00000019	2014	4	22	9.263
00000019	2014	4	23	9.671
00000019	2014	4	24	9.984
00000019	2014	4	25	10.208
00000019	2014	4	26	10.441
00000019	2014	4	27	10.484
00000019	2014	4	28	10.446
00000019	2014	4	29	9.456
00000019	2014	4	30	9.182
00000019	2014	5	1	9.698
00000019	2014	5	2	10.09
00000019	2014	5	3	10.393
00000019	2014	5	4	10.644
00000019	2014	5	5	10.866
00000019	2014	5	6	11.081
00000019	2014	5	7	11.35
00000019	2014	5	8	11.624
00000019	2014	5	9	11.858
00000019	2014	5	10	12.084
00000019	2014	5	11	12.302
00000019	2014	5	12	12.507
00000019	2014	5	13	12.698
00000019	2014	5	14	12.491
00000019	2014	5	15	10.579
00000019	2014	5	16	11.055
00000019	2014	5	17	11.428
00000019	2014	5	18	9.627
00000019	2014	5	19	9.71
00000019	2014	5	20	10.343
00000019	2014	5	21	10.696
00000019	2014	5	22	10.983
00000019	2014	5	23	11.303
00000019	2014	5	24	11.635
00000019	2014	5	25	11.974
00000019	2014	5	26	12.309
00000019	2014	5	27	12.602
00000019	2014	5	28	12.856
00000019	2014	5	29	13.078
00000019	2014	5	30	12.945
00000019	2014	5	31	11.868
00000019	2014	6	1	11.963
00000019	2014	6	2	12.292
00000019	2014	6	3	12.604
00000019	2014	6	4	12.865
00000019	2014	6	5	12.813
00000019	2014	6	6	11.103
00000019	2014	6	7	10.471
00000019	2014	6	8	8.451
00000019	2014	6	9	8.734
00000019	2014	6	10	8.66
00000019	2014	6	11	8.66
00000019	2014	6	12	8.66
00000019	2014	6	13	8.66
00000019	2014	6	14	8.66
00000019	2014	6	15	8.66
00000019	2014	6	16	8.66
00000019	2014	6	17	8.66
00000019	2014	6	18	8.66
00000019	2014	6	19	8.66
00000019	2014	6	20	8.66
00000019	2014	6	21	8.66
00000019	2014	6	22	8.66
00000019	2014	6	23	8.66
00000019	2014	6	24	8.66
00000019	2014	6	25	8.66
00000019	2014	6	26	8.66
00000019	2014	6	27	8.66
00000019	2014	6	28	8.66
00000019	2014	6	29	8.66
00000019	2014	6	30	8.66
00000019	2014	7	1	8.66
00000019	2014	7	2	8.66
00000019	2014	7	3	8.66
00000019	2014	7	4	8.66
00000019	2014	7	5	8.66
00000019	2014	7	6	8.66
00000019	2014	7	7	8.66
00000019	2014	7	8	8.66
00000019	2014	7	9	8.66
00000019	2014	7	10	8.66
00000019	2014	7	11	8.66
00000019	2014	7	12	8.66
00000019	2014	7	13	8.66
00000019	2014	7	14	8.66
00000019	2014	7	15	8.66
00000019	2014	7	16	8.66
00000019	2014	7	17	8.66
00000019	2014	7	18	8.66
00000019	2014	7	19	8.66
00000019	2014	7	20	8.66
00000019	2014	7	21	8.66
00000019	2014	7	22	8.66
00000019	2014	7	23	8.66
00000019	2014	7	24	8.66
00000019	2014	7	25	8.66
00000019	2014	7	26	8.66
00000019	2014	7	27	8.66
00000019	2014	7	28	8.66
00000019	2014	7	29	8.66
00000019	2014	7	30	8.66
00000019	2014	7	31	8.66
00000019	2014	8	1	8.66
00000019	2014	8	2	8.66
00000019	2014	8	3	8.66
00000019	2014	8	4	8.66
00000019	2014	8	5	8.66
00000019	2014	8	6	8.66
00000019	2014	8	7	8.66
00000019	2014	8	8	8.66
00000019	2014	8	9	8.66
00000019	2014	8	10	8.66
00000019	2014	8	11	8.66
00000019	2014	8	12	11.288
00000019	2014	8	13	13.399
00000019	2014	8	14	13.672
00000019	2014	8	15	13.895
00000019	2014	8	16	14.094
00000019	2014	8	17	14.27
00000019	2014	8	18	11.386
00000019	2014	8	19	9.333
00000019	2014	8	20	10.626
00000019	2014	8	21	11.238
00000019	2014	8	22	11.778
00000019	2014	8	23	12.245
00000019	2014	8	24	12.634
00000019	2014	8	25	12.987
00000019	2014	8	26	13.297
00000019	2014	8	27	13.563
00000019	2014	8	28	13.787
00000019	2014	8	29	13.996
00000019	2014	8	30	14.083
00000019	2014	8	31	12.837
00000019	2014	9	1	12.06
00000019	2014	9	2	12.278
00000019	2014	9	3	12.626
00000019	2014	9	4	11.98
00000019	2014	9	5	11.709
00000019	2014	9	6	11.976
00000019	2014	9	7	12.311
00000019	2014	9	8	12.37
00000019	2014	9	9	12.37
00000019	2014	9	10	12.37
00000019	2014	9	11	12.37
00000019	2014	9	12	12.37
00000019	2014	9	13	12.37
00000019	2014	9	14	12.37
00000019	2014	9	15	12.37
00000019	2014	9	16	12.37
00000019	2014	9	17	12.37
00000019	2014	9	18	12.37
00000019	2014	9	19	12.37
00000019	2014	9	20	12.37
00000019	2014	9	21	12.37
00000019	2014	9	22	12.37
00000019	2014	9	23	12.37
00000019	2014	9	24	12.37
00000019	2014	9	25	12.37
00000019	2014	9	26	12.37
00000019	2014	9	27	12.37
00000019	2014	9	28	12.37
00000019	2014	9	29	12.37
00000019	2014	9	30	12.37
00000019	2014	10	1	12.37
00000019	2014	10	2	12.37
00000019	2014	10	3	12.37
00000019	2014	10	4	12.37
00000019	2014	10	5	12.37
00000019	2014	10	6	12.37
00000019	2014	10	7	12.37
00000019	2014	10	8	12.37
00000019	2014	10	9	12.37
00000019	2014	10	10	12.37
00000019	2014	10	11	12.37
00000019	2014	10	12	12.37
00000019	2014	10	13	12.37
00000019	2014	10	14	12.37
00000019	2014	10	15	12.37
00000019	2014	10	16	12.37
00000019	2014	10	17	12.37
00000019	2014	10	18	12.37
00000019	2014	10	19	12.37
00000019	2014	10	20	12.37
00000019	2014	10	21	12.35
00000019	2014	10	22	12.33
00000019	2014	10	23	12.33
00000019	2014	10	24	12.33
00000019	2014	10	25	12.33
00000019	2014	10	26	12.33
00000019	2014	10	27	12.33
00000019	2014	10	28	12.33
00000019	2014	10	29	12.33
00000019	2014	10	30	12.33
00000019	2014	10	31	12.33
00000019	2014	11	1	12.33
00000019	2014	11	2	12.33
00000019	2014	11	3	12.33
00000019	2014	11	4	12.33
00000019	2014	11	5	12.33
00000019	2014	11	6	12.33
00000019	2014	11	7	12.33
00000019	2014	11	8	12.33
00000019	2014	11	9	12.33
00000019	2014	11	10	12.33
00000019	2014	11	11	12.33
00000019	2014	11	12	12.33
00000019	2014	11	13	12.33
00000019	2014	11	14	12.33
00000019	2014	11	15	12.33
00000019	2014	11	16	12.33
00000019	2014	11	17	12.33
00000019	2014	11	18	12.33
00000019	2014	11	19	12.33
00000019	2014	11	20	12.33
00000019	2014	11	21	12.33
00000019	2014	11	22	12.33
00000019	2014	11	23	12.33
00000019	2014	11	24	12.33
00000019	2014	11	25	12.33
00000019	2014	11	26	12.33
00000019	2014	11	27	12.33
00000019	2014	11	28	12.33
00000019	2014	11	29	12.33
00000019	2014	11	30	12.33
00000019	2014	12	1	12.33
00000019	2014	12	2	12.33
00000019	2014	12	3	11.858
00000019	2014	12	4	11.662
00000019	2014	12	5	11.772
00000019	2014	12	6	7.993
00000019	2014	12	7	8.012
00000019	2014	12	8	8.961
00000019	2014	12	9	9.566
00000019	2014	12	10	10.017
00000019	2014	12	11	10.335
00000019	2014	12	12	10.597
00000019	2014	12	13	10.782
00000019	2014	12	14	10.927
00000019	2014	12	15	10.998
00000019	2014	12	16	10.191
00000019	2014	12	17	10.542
00000019	2014	12	18	10.711
00000019	2014	12	19	10.871
00000019	2014	12	20	10.992
00000019	2014	12	21	11.177
00000019	2014	12	22	11.248
00000019	2014	12	23	10.217
00000019	2014	12	24	6.859
00000019	2014	12	25	7.549
00000019	2014	12	26	8.313
00000019	2014	12	27	8.781
00000019	2014	12	28	7.725
00000019	2014	12	29	7.032
00000019	2014	12	30	7.55
00000019	2014	12	31	8.025
00000019	2015	1	1	8.04
00000019	2015	1	2	7.894
00000019	2015	1	3	7.067
00000019	2015	1	4	5.886
00000019	2015	1	5	6.77
00000019	2015	1	6	7.323
00000019	2015	1	7	7.804
00000019	2015	1	8	8.069
00000019	2015	1	9	8.275
00000019	2015	1	10	8.611
00000019	2015	1	11	8.919
00000019	2015	1	12	8.438
00000019	2015	1	13	8.141
00000019	2015	1	14	8.271
00000019	2015	1	15	8.417
00000019	2015	1	16	8.61
00000019	2015	1	17	8.872
00000019	2015	1	18	9.098
00000019	2015	1	19	9.311
00000019	2015	1	20	9.493
00000019	2015	1	21	9.711
00000019	2015	1	22	9.882
00000019	2015	1	23	8.244
00000019	2015	1	24	7.269
00000019	2015	1	25	7.544
00000019	2015	1	26	7.904
00000019	2015	1	27	8.205
00000019	2015	1	28	8.643
00000019	2015	1	29	8.91
00000019	2015	1	30	9.237
00000019	2015	1	31	9.433
00000019	2015	2	1	9.205
00000019	2015	2	2	8.949
00000019	2015	2	3	9.323
00000019	2015	2	4	9.465
00000019	2015	2	5	9.653
00000019	2015	2	6	9.818
00000019	2015	2	7	9.891
00000019	2015	2	8	9.963
00000019	2015	2	9	10.036
00000019	2015	2	10	10.18
00000019	2015	2	11	10.276
00000019	2015	2	12	10.39
00000019	2015	2	13	10.457
00000019	2015	2	14	10.46
00000019	2015	2	15	10.583
00000019	2015	2	16	9.196
00000019	2015	2	17	7.207
00000019	2015	2	18	7.623
00000019	2015	2	19	7.975
00000019	2015	2	20	8.192
00000019	2015	2	21	7.967
00000019	2015	2	22	7.082
00000019	2015	2	23	7.283
00000019	2015	2	24	7.508
00000019	2015	2	25	7.757
00000019	2015	2	26	7.69
00000019	2015	2	27	7.573
00000019	2015	2	28	7.363
00000019	2015	3	1	7.396
00000019	2015	3	2	7.322
00000019	2015	3	3	7.405
00000019	2015	3	4	7.059
00000019	2015	3	5	6.207
00000019	2015	3	6	6.508
00000019	2015	3	7	7.066
00000019	2015	3	8	7.474
00000019	2015	3	9	7.656
00000019	2015	3	10	6.919
00000019	2015	3	11	6.512
00000019	2015	3	12	6.696
00000019	2015	3	13	6.752
00000019	2015	3	14	6.484
00000019	2015	3	15	6.787
00000019	2015	3	16	7.236
00000019	2015	3	17	7.568
00000019	2015	3	18	7.826
00000019	2015	3	19	8.004
00000019	2015	3	20	8.149
00000019	2015	3	21	8.297
00000019	2015	3	22	8.282
00000019	2015	3	23	8.119
00000019	2015	3	24	8.433
00000019	2015	3	25	8.731
00000019	2015	3	26	8.869
00000019	2015	3	27	8.879
00000019	2015	3	28	9.285
00000019	2015	3	29	9.501
00000019	2015	3	30	8.138
00000019	2015	3	31	8.051
00000019	2015	4	1	8.355
00000019	2015	4	2	8.701
00000019	2015	4	3	8.86
00000019	2015	4	4	8.423
00000019	2015	4	5	8.682
00000019	2015	4	6	8.568
00000019	2015	4	7	7.895
00000019	2015	4	8	8.063
00000019	2015	4	9	8.28
00000019	2015	4	10	7.895
00000019	2015	4	11	7.951
00000019	2015	4	12	8.239
00000019	2015	4	13	8.467
00000019	2015	4	14	7.859
00000019	2015	4	15	7.727
00000019	2015	4	16	7.838
00000019	2015	4	17	7.831
00000019	2015	4	18	7.758
00000019	2015	4	19	6.807
00000019	2015	4	20	6.215
00000019	2015	4	21	6.819
00000019	2015	4	22	7.352
00000019	2015	4	23	7.814
00000019	2015	4	24	8.089
00000019	2015	4	25	7.623
00000019	2015	4	26	7.873
00000019	2015	4	27	8.239
00000019	2015	4	28	8.664
00000019	2015	4	29	8.589
00000019	2015	4	30	9.012
00000019	2015	5	1	9.461
00000019	2015	5	2	9.775
00000019	2015	5	3	10.037
00000019	2015	5	4	10.283
00000019	2015	5	5	10.488
00000019	2015	5	6	10.646
00000019	2015	5	7	10.825
00000019	2015	5	8	11.005
00000019	2015	5	9	11.211
00000019	2015	5	10	11.422
00000019	2015	5	11	11.629
00000019	2015	5	12	11.845
00000019	2015	5	13	12.065
00000019	2015	5	14	12.262
00000019	2015	5	15	12.438
00000019	2015	5	16	12.503
00000019	2015	5	17	12.422
00000019	2015	5	18	12.528
00000019	2015	5	19	12.665
00000019	2015	5	20	12.801
00000019	2015	5	21	12.779
00000019	2015	5	22	12.943
00000019	2015	5	23	13.131
00000019	2015	5	24	13.29
00000019	2015	5	25	13.279
00000019	2015	5	26	12.632
00000019	2015	5	27	12.538
00000019	2015	5	28	9.891
00000019	2015	5	29	9.679
00000019	2015	5	30	9.81
00000019	2015	5	31	10.073
00000019	2015	6	1	8.119
00000019	2015	6	2	9.069
00000019	2015	6	3	9.847
00000019	2015	6	4	10.373
00000019	2015	6	5	10.715
00000019	2015	6	6	10.969
00000019	2015	6	7	11.262
00000019	2015	6	8	11.557
00000019	2015	6	9	11.743
00000019	2015	6	10	12.006
00000019	2015	6	11	12.285
00000019	2015	6	12	12.552
00000019	2015	6	13	12.786
00000019	2015	6	14	13.006
00000019	2015	6	15	13.216
00000019	2015	6	16	13.4
00000019	2015	6	17	13.021
00000019	2015	6	18	12.664
00000019	2015	6	19	12.777
00000019	2015	6	20	12.695
00000019	2015	6	21	12.663
00000019	2015	6	22	12.961
00000019	2015	6	23	13.243
00000019	2015	6	24	13.475
00000019	2015	6	25	13.656
00000019	2015	6	26	13.805
00000019	2015	6	27	13.289
00000019	2015	6	28	12.754
00000019	2015	6	29	12.976
00000019	2015	6	30	13.268
00000019	2015	7	1	13.396
00000019	2015	7	2	12.678
00000019	2015	7	3	9.278
00000019	2015	7	4	9.249
00000019	2015	7	5	9.339
00000019	2015	7	6	10.269
00000019	2015	7	7	10.796
00000019	2015	7	8	11.174
00000019	2015	7	9	11.58
00000019	2015	7	10	11.97
00000019	2015	7	11	12.341
00000019	2015	7	12	12.659
00000019	2015	7	13	12.923
00000019	2015	7	14	13.122
00000019	2015	7	15	12.976
00000019	2015	7	16	13.207
00000019	2015	7	17	13.48
00000019	2015	7	18	13.708
00000019	2015	7	19	13.896
00000019	2015	7	20	14.016
00000019	2015	7	21	13.864
00000019	2015	7	22	13.076
00000019	2015	7	23	12.944
00000019	2015	7	24	12.789
00000019	2015	7	25	13.015
00000019	2015	7	26	13.283
00000019	2015	7	27	13.519
00000019	2015	7	28	13.7
00000019	2015	7	29	13.704
00000019	2015	7	30	13.849
00000019	2015	7	31	14.015
00000019	2015	8	1	14.164
00000019	2015	8	2	14.294
00000019	2015	8	3	14.415
00000019	2015	8	4	14.532
00000019	2015	8	5	14.637
00000019	2015	8	6	14.261
00000019	2015	8	7	12.717
00000019	2015	8	8	12.774
00000019	2015	8	9	13.157
00000019	2015	8	10	13.44
00000019	2015	8	11	13.427
00000019	2015	8	12	13.346
00000019	2015	8	13	13.535
00000019	2015	8	14	13.754
00000019	2015	8	15	13.948
00000019	2015	8	16	14.114
00000019	2015	8	17	13.696
00000019	2015	8	18	10.812
00000019	2015	8	19	9.896
00000019	2015	8	20	9.671
00000019	2015	8	21	10.637
00000019	2015	8	22	11.113
00000019	2015	8	23	9.741
00000019	2015	8	24	9.939
00000019	2015	8	25	10.683
00000019	2015	8	26	11.1
00000019	2015	8	27	11.526
00000019	2015	8	28	11.917
00000019	2015	8	29	12.257
00000019	2015	8	30	12.478
00000019	2015	8	31	12.649
00000019	2015	9	1	12.845
00000019	2015	9	2	13.02
00000019	2015	9	3	13.163
00000019	2015	9	4	13.185
00000019	2015	9	5	13.347
00000019	2015	9	6	13.525
00000019	2015	9	7	13.669
00000019	2015	9	8	13.797
00000019	2015	9	9	13.908
00000019	2015	9	10	13.975
00000019	2015	9	11	14.038
00000019	2015	9	12	13.917
00000019	2015	9	13	14.002
00000019	2015	9	14	14.167
00000019	2015	9	15	14.305
00000019	2015	9	16	14.418
00000019	2015	9	17	14.502
00000019	2015	9	18	14.572
00000019	2015	9	19	14.644
00000019	2015	9	20	14.719
00000019	2015	9	21	14.796
00000019	2015	9	22	14.868
00000019	2015	9	23	14.932
00000019	2015	9	24	14.998
00000019	2015	9	25	14.909
00000019	2015	9	26	14.622
00000019	2015	9	27	14.705
00000019	2015	9	28	14.82
00000019	2015	9	29	14.828
00000019	2015	9	30	14.54
00000019	2015	10	1	14.488
00000019	2015	10	2	14.057
00000019	2015	10	3	13.882
00000019	2015	10	4	13.8
00000019	2015	10	5	13.946
00000019	2015	10	6	14.132
00000019	2015	10	7	14.31
00000019	2015	10	8	14.47
00000019	2015	10	9	14.59
00000019	2015	10	10	13.322
00000019	2015	10	11	12.712
00000019	2015	10	12	12.969
00000019	2015	10	13	13.208
00000019	2015	10	14	13.461
00000019	2015	10	15	13.699
00000019	2015	10	16	13.899
00000019	2015	10	17	14.081
00000019	2015	10	18	14.243
00000019	2015	10	19	14.375
00000019	2015	10	20	14.484
00000019	2015	10	21	14.582
00000019	2015	10	22	14.666
00000019	2015	10	23	14.735
00000019	2015	10	24	14.802
00000019	2015	10	25	14.876
00000019	2015	10	26	14.483
00000019	2015	10	27	13.099
00000019	2015	10	28	12.613
00000019	2015	10	29	12.483
00000019	2015	10	30	12.736
00000019	2015	10	31	12.971
00000019	2015	11	1	12.493
00000019	2015	11	2	10.512
00000019	2015	11	3	10.38
00000019	2015	11	4	11.015
00000019	2015	11	5	11.509
00000019	2015	11	6	11.864
00000019	2015	11	7	10.965
00000019	2015	11	8	10.511
00000019	2015	11	9	9.843
00000019	2015	11	10	10.134
00000019	2015	11	11	10.637
00000019	2015	11	12	10.994
00000019	2015	11	13	11.385
00000019	2015	11	14	11.721
00000019	2015	11	15	11.978
00000019	2015	11	16	12.162
00000019	2015	11	17	12.305
00000019	2015	11	18	10.662
00000019	2015	11	19	8.72
00000019	2015	11	20	9.78
00000019	2015	11	21	10.343
00000019	2015	11	22	10.767
00000019	2015	11	23	11.078
00000019	2015	11	24	11.38
00000019	2015	11	25	11.619
00000019	2015	11	26	11.832
00000019	2015	11	27	11.983
00000019	2015	11	28	12.09
00000019	2015	11	29	11.335
00000019	2015	11	30	7.613
00000019	2015	12	1	6.26
00000019	2015	12	2	5.818
00000019	2015	12	3	7.259
00000019	2015	12	4	8.223
00000019	2015	12	5	8.773
00000019	2015	12	6	9.178
00000019	2015	12	7	9.505
00000019	2015	12	8	9.801
00000019	2015	12	9	10.042
00000019	2015	12	10	10.266
00000019	2015	12	11	10.486
00000019	2015	12	12	10.698
00000019	2015	12	13	10.848
00000019	2015	12	14	9.837
00000019	2015	12	15	9.909
00000019	2015	12	16	10.17
00000019	2015	12	17	9.469
00000019	2015	12	18	9.708
00000019	2015	12	19	10.058
00000019	2015	12	20	10.222
00000019	2015	12	21	10.094
00000019	2015	12	22	8.515
00000019	2015	12	23	8.186
00000019	2015	12	24	6.359
00000019	2015	12	25	3.963
00000019	2015	12	26	4.958
00000019	2015	12	27	5.967
00000019	2015	12	28	6.117
00000019	2015	12	29	6.096
00000019	2015	12	30	6.596
00000019	2015	12	31	7.088
00000019	2016	1	1	7.549
00000019	2016	1	2	7.891
00000019	2016	1	3	8.128
00000019	2016	1	4	8.551
00000019	2016	1	5	9.002
00000019	2016	1	6	9.257
00000019	2016	1	7	9.421
00000019	2016	1	8	9.449
00000019	2016	1	9	9.28
00000019	2016	1	10	7.824
00000019	2016	1	11	8.121
00000019	2016	1	12	8.475
00000019	2016	1	13	8.881
00000019	2016	1	14	9.113
00000019	2016	1	15	9.089
00000019	2016	1	16	9.342
00000019	2016	1	17	9.565
00000019	2016	1	18	9.776
00000019	2016	1	19	9.907
00000019	2016	1	20	9.634
00000019	2016	1	21	9.461
00000019	2016	1	22	7.059
00000019	2016	1	23	6.949
00000019	2016	1	24	7.427
00000019	2016	1	25	7.722
00000019	2016	1	26	7.402
00000019	2016	1	27	6.733
00000019	2016	1	28	7.176
00000019	2016	1	29	7.581
00000019	2016	1	30	7.846
00000019	2016	1	31	8.034
00000019	2016	2	1	8.184
00000019	2016	2	2	8.246
00000019	2016	2	3	6.208
00000019	2016	2	4	6.691
00000019	2016	2	5	7.247
00000019	2016	2	6	7.623
00000019	2016	2	7	7.836
00000019	2016	2	8	8.004
00000019	2016	2	9	8.213
00000019	2016	2	10	8.405
00000019	2016	2	11	8.635
00000019	2016	2	12	8.867
00000019	2016	2	13	9.154
00000019	2016	2	14	9.28
00000019	2016	2	15	8.207
00000019	2016	2	16	6.588
00000019	2016	2	17	6.851
00000019	2016	2	18	7.228
00000019	2016	2	19	7.523
00000019	2016	2	20	7.771
00000019	2016	2	21	7.811
00000019	2016	2	22	6.988
00000019	2016	2	23	6.024
00000019	2016	2	24	5.653
00000019	2016	2	25	6.306
00000019	2016	2	26	6.866
00000019	2016	2	27	7.313
00000019	2016	2	28	7.615
00000019	2016	2	29	7.835
00000019	2016	3	1	7.875
00000019	2016	3	2	7.903
00000019	2016	3	3	7.929
00000019	2016	3	4	7.991
00000019	2016	3	5	8.123
00000019	2016	3	6	8.275
00000019	2016	3	7	8.417
00000019	2016	3	8	8.63
00000019	2016	3	9	8.85
00000019	2016	3	10	8.759
00000019	2016	3	11	7.836
00000019	2016	3	12	7.996
00000019	2016	3	13	7.46
00000019	2016	3	14	7.464
00000019	2016	3	15	7.642
00000019	2016	3	16	7.943
00000019	2016	3	17	8.182
00000019	2016	3	18	8.457
00000019	2016	3	19	8.748
00000019	2016	3	20	9.04
00000019	2016	3	21	9.307
00000019	2016	3	22	9.466
00000019	2016	3	23	9.594
00000019	2016	3	24	9.103
00000019	2016	3	25	8.108
00000019	2016	3	26	8.408
00000019	2016	3	27	8.66
00000019	2016	3	28	8.828
00000019	2016	3	29	9.125
00000019	2016	3	30	9.32
00000019	2016	3	31	8.201
00000019	2016	4	1	6.934
00000019	2016	4	2	7.419
00000019	2016	4	3	7.869
00000019	2016	4	4	8.125
00000019	2016	4	5	8.376
00000019	2016	4	6	8.437
00000019	2016	4	7	8.351
00000019	2016	4	8	8.659
00000019	2016	4	9	9.02
00000019	2016	4	10	9.293
00000019	2016	4	11	9.06
00000019	2016	4	12	8.147
00000019	2016	4	13	8.407
00000019	2016	4	14	8.51
00000019	2016	4	15	8.873
00000019	2016	4	16	9.227
00000019	2016	4	17	9.508
00000019	2016	4	18	9.715
00000019	2016	4	19	9.875
00000019	2016	4	20	10.033
00000019	2016	4	21	10.178
00000019	2016	4	22	10.27
00000019	2016	4	23	10.43
00000019	2016	4	24	10.562
00000019	2016	4	25	10.678
00000019	2016	4	26	10.806
00000019	2016	4	27	10.93
00000019	2016	4	28	11.064
00000019	2016	4	29	11.197
00000019	2016	4	30	11.219
00000019	2016	5	1	11.328
00000019	2016	5	2	11.363
00000019	2016	5	3	11.142
00000019	2016	5	4	11.265
00000019	2016	5	5	11.311
00000019	2016	5	6	11.45
00000019	2016	5	7	11.606
00000019	2016	5	8	11.758
00000019	2016	5	9	11.915
00000019	2016	5	10	12.058
00000019	2016	5	11	12.096
00000019	2016	5	12	12.137
00000019	2016	5	13	11.745
00000019	2016	5	14	11.687
00000019	2016	5	15	11.853
00000019	2016	5	16	12.033
00000019	2016	5	17	12.121
00000019	2016	5	18	12.175
00000019	2016	5	19	12.312
00000019	2016	5	20	12.427
00000019	2016	5	21	12.509
00000019	2016	5	22	12.609
00000019	2016	5	23	12.713
00000019	2016	5	24	12.828
00000019	2016	5	25	12.943
00000019	2016	5	26	13.039
00000019	2016	5	27	13.123
00000019	2016	5	28	13.21
00000019	2016	5	29	13.299
00000019	2016	5	30	13.371
00000019	2016	5	31	13.442
00000019	2016	6	1	13.519
00000019	2016	6	2	13.409
00000019	2016	6	3	13.242
00000019	2016	6	4	13.311
00000019	2016	6	5	13.241
00000019	2016	6	6	12.991
00000019	2016	6	7	13.083
00000019	2016	6	8	13.254
00000019	2016	6	9	13.417
00000019	2016	6	10	13.577
00000019	2016	6	11	13.752
00000019	2016	6	12	13.875
00000019	2016	6	13	13.813
00000019	2016	6	14	13.917
00000019	2016	6	15	14.038
00000019	2016	6	16	13.809
00000019	2016	6	17	13.838
00000019	2016	6	18	14.047
00000019	2016	6	19	14.24
00000019	2016	6	20	14.38
00000019	2016	6	21	14.488
00000019	2016	6	22	14.585
00000019	2016	6	23	14.681
00000019	2016	6	24	14.764
00000019	2016	6	25	14.841
00000019	2016	6	26	14.914
00000019	2016	6	27	14.977
00000019	2016	6	28	15.014
00000019	2016	6	29	15.062
00000019	2016	6	30	15.112
00000019	2016	7	1	15.158
00000019	2016	7	2	15.205
00000019	2016	7	3	15.251
00000019	2016	7	4	15.293
00000019	2016	7	5	14.99
00000019	2016	7	6	13.936
00000019	2016	7	7	13.881
00000019	2016	7	8	14.048
00000019	2016	7	9	14.224
00000019	2016	7	10	14.383
00000019	2016	7	11	14.358
00000019	2016	7	12	14.393
00000019	2016	7	13	14.521
00000019	2016	7	14	14.638
00000019	2016	7	15	14.752
00000019	2016	7	16	14.84
00000019	2016	7	17	14.778
00000019	2016	7	18	14.838
00000019	2016	7	19	14.933
00000019	2016	7	20	15.023
00000019	2016	7	21	15.102
00000019	2016	7	22	15.172
00000019	2016	7	23	15.235
00000019	2016	7	24	15.278
00000019	2016	7	25	15.331
00000019	2016	7	26	15.38
00000019	2016	7	27	15.421
00000019	2016	7	28	15.432
00000019	2016	7	29	15.21
00000019	2016	7	30	14.754
00000019	2016	7	31	14.071
00000019	2016	8	1	14.016
00000019	2016	8	2	13.806
00000019	2016	8	3	12.914
00000019	2016	8	4	13.042
00000019	2016	8	5	13.297
00000019	2016	8	6	13.487
00000019	2016	8	7	13.62
00000019	2016	8	8	13.738
00000019	2016	8	9	13.865
00000019	2016	8	10	13.973
00000019	2016	8	11	14.12
00000019	2016	8	12	14.355
00000019	2016	8	13	14.609
00000019	2016	8	14	14.866
00000019	2016	8	15	15.105
00000019	2016	8	16	15.319
00000019	2016	8	17	15.507
00000019	2016	8	18	15.641
00000019	2016	8	19	15.515
00000019	2016	8	20	15.396
00000019	2016	8	21	15.113
00000019	2016	8	22	14.953
00000019	2016	8	23	15.111
00000019	2016	8	24	15.332
00000019	2016	8	25	15.54
00000019	2016	8	26	15.717
00000019	2016	8	27	15.866
00000019	2016	8	28	16.004
00000019	2016	8	29	16.123
00000019	2016	8	30	16.233
00000019	2016	8	31	16.33
00000019	2016	9	1	16.424
00000019	2016	9	2	16.514
00000019	2016	9	3	16.613
00000019	2016	9	4	16.703
00000019	2016	9	5	16.788
00000019	2016	9	6	16.863
00000019	2016	9	7	16.932
00000019	2016	9	8	16.998
00000019	2016	9	9	17.065
00000019	2016	9	10	17.129
00000019	2016	9	11	16.948
00000019	2016	9	12	16.875
00000019	2016	9	13	17.003
00000019	2016	9	14	17.123
00000019	2016	9	15	17.217
00000019	2016	9	16	17.296
00000019	2016	9	17	17.372
00000019	2016	9	18	17.363
00000019	2016	9	19	17.103
00000019	2016	9	20	17.162
00000019	2016	9	21	17.295
00000019	2016	9	22	17.41
00000019	2016	9	23	17.497
00000019	2016	9	24	17.574
00000019	2016	9	25	17.642
00000019	2016	9	26	17.706
00000019	2016	9	27	17.767
00000019	2016	9	28	17.825
00000019	2016	9	29	17.885
00000019	2016	9	30	17.94
00000019	2016	10	1	17.992
00000019	2016	10	2	18.043
00000019	2016	10	3	18.088
00000019	2016	10	4	18.132
00000019	2016	10	5	18.184
00000019	2016	10	6	18.231
00000019	2016	10	7	18.269
00000019	2016	10	8	18.307
00000019	2016	10	9	18.358
00000019	2016	10	10	18.404
00000019	2016	10	11	18.444
00000019	2016	10	12	18.481
00000019	2016	10	13	18.513
00000019	2016	10	14	18.547
00000019	2016	10	15	18.584
00000019	2016	10	16	18.616
00000019	2016	10	17	18.642
00000019	2016	10	18	18.672
00000019	2016	10	19	18.708
00000019	2016	10	20	18.737
00000019	2016	10	21	18.761
00000019	2016	10	22	18.794
00000019	2016	10	23	18.825
00000019	2016	10	24	18.845
00000019	2016	10	25	18.847
00000019	2016	10	26	18.858
00000019	2016	10	27	18.885
00000019	2016	10	28	18.902
00000019	2016	10	29	18.924
00000019	2016	10	30	18.949
00000019	2016	10	31	18.975
00000019	2016	11	1	19.005
00000019	2016	11	2	19.041
00000019	2016	11	3	19.066
00000019	2016	11	4	19.093
00000019	2016	11	5	19.124
00000019	2016	11	6	19.152
00000019	2016	11	7	19.18
00000019	2016	11	8	19.198
00000019	2016	11	9	19.207
00000019	2016	11	10	19.225
00000019	2016	11	11	19.234
00000019	2016	11	12	19.253
00000019	2016	11	13	19.27
00000019	2016	11	14	19.276
00000019	2016	11	15	19.279
00000019	2016	11	16	19.286
00000019	2016	11	17	19.296
00000019	2016	11	18	19.302
00000019	2016	11	19	19.311
00000019	2016	11	20	19.32
00000019	2016	11	21	19.324
00000019	2016	11	22	19.319
00000019	2016	11	23	19.295
00000019	2016	11	24	19.256
00000019	2016	11	25	19.227
00000019	2016	11	26	19.208
00000019	2016	11	27	19.174
00000019	2016	11	28	19.119
00000019	2016	11	29	18.521
00000019	2016	11	30	17.06
00000019	2016	12	1	14.663
00000019	2016	12	2	14.238
00000019	2016	12	3	14.406
00000019	2016	12	4	14.094
00000019	2016	12	5	12.693
00000019	2016	12	6	10.13
00000019	2016	12	7	10.148
00000019	2016	12	8	10.941
00000019	2016	12	9	11.621
00000019	2016	12	10	12.118
00000019	2016	12	11	12.427
00000019	2016	12	12	12.478
00000019	2016	12	13	12.29
00000019	2016	12	14	12.405
00000019	2016	12	15	12.624
00000019	2016	12	16	12.801
00000019	2016	12	17	12.856
00000019	2016	12	18	11.422
00000019	2016	12	19	9.715
00000019	2016	12	20	10.305
00000019	2016	12	21	10.717
00000019	2016	12	22	11.081
00000019	2016	12	23	11.401
00000019	2016	12	24	11.619
00000019	2016	12	25	11.842
00000019	2016	12	26	12.042
00000019	2016	12	27	12.017
00000019	2016	12	28	11.498
00000019	2016	12	29	9.468
00000019	2016	12	30	9.427
00000019	2016	12	31	9.892
00000019	2017	1	1	8.921
00000019	2017	1	2	7.78
00000019	2017	1	3	7.071
00000019	2017	1	4	8.033
00000019	2017	1	5	8.734
00000019	2017	1	6	9.346
00000019	2017	1	7	9.863
00000019	2017	1	8	10.185
00000019	2017	1	9	10.287
00000019	2017	1	10	10.373
00000019	2017	1	11	10.417
00000019	2017	1	12	10.517
00000019	2017	1	13	10.743
00000019	2017	1	14	10.813
00000019	2017	1	15	10.834
00000019	2017	1	16	10.917
00000019	2017	1	17	10.982
00000019	2017	1	18	11.053
00000019	2017	1	19	10.467
00000019	2017	1	20	5.844
00000019	2017	1	21	6.371
00000019	2017	1	22	5.591
00000019	2017	1	23	4.884
00000019	2017	1	24	6.106
00000019	2017	1	25	6.772
00000019	2017	1	26	6.637
00000019	2017	1	27	6.997
00000019	2017	1	28	7.392
00000019	2017	1	29	7.838
00000019	2017	1	30	8.302
00000019	2017	1	31	8.575
00000019	2017	2	1	8.879
00000019	2017	2	2	9.133
00000019	2017	2	3	9.339
00000019	2017	2	4	9.495
00000019	2017	2	5	9.54
00000019	2017	2	6	9.635
00000019	2017	2	7	9.36
00000019	2017	2	8	8.982
00000019	2017	2	9	7.925
00000019	2017	2	10	8.106
00000019	2017	2	11	8.386
00000019	2017	2	12	8.584
00000019	2017	2	13	8.524
00000019	2017	2	14	8.628
00000019	2017	2	15	8.246
00000019	2017	2	16	8.256
00000019	2017	2	17	8.523
00000019	2017	2	18	8.623
00000019	2017	2	19	8.799
00000019	2017	2	20	9.036
00000019	2017	2	21	9.057
00000019	2017	2	22	8.419
00000019	2017	2	23	8.635
00000019	2017	2	24	8.858
00000019	2017	2	25	8.858
00000019	2017	2	26	9.153
00000019	2017	2	27	9.168
00000019	2017	2	28	7.489
00000019	2017	3	1	5.826
00000019	2017	3	2	6.043
00000019	2017	3	3	6.617
00000019	2017	3	4	7.105
00000019	2017	3	5	7.408
00000019	2017	3	6	7.653
00000019	2017	3	7	7.703
00000019	2017	3	8	7.433
00000019	2017	3	9	7.622
00000019	2017	3	10	6.806
00000019	2017	3	11	6.892
00000019	2017	3	12	7.264
00000019	2017	3	13	7.477
00000019	2017	3	14	7.463
00000019	2017	3	15	7.723
00000019	2017	3	16	7.893
00000019	2017	3	17	8.038
00000019	2017	3	18	6.938
00000019	2017	3	19	6.827
00000019	2017	3	20	7.228
00000019	2017	3	21	7.521
00000019	2017	3	22	7.789
00000019	2017	3	23	7.938
00000019	2017	3	24	8.121
00000019	2017	3	25	8.182
00000019	2017	3	26	6.38
00000019	2017	3	27	6.51
00000019	2017	3	28	5.52
00000019	2017	3	29	6.145
00000019	2017	3	30	6.627
00000019	2017	3	31	7.137
00000019	2017	4	1	7.537
00000019	2017	4	2	7.74
00000019	2017	4	3	6.655
00000019	2017	4	4	6.293
00000019	2017	4	5	6.71
00000019	2017	4	6	7.268
00000019	2017	4	7	7.637
00000019	2017	4	8	7.843
00000019	2017	4	9	8.026
00000019	2017	4	10	8.388
00000019	2017	4	11	8.805
00000019	2017	4	12	9.158
00000019	2017	4	13	9.432
00000019	2017	4	14	9.666
00000019	2017	4	15	9.884
00000019	2017	4	16	10.047
00000019	2017	4	17	10.155
00000019	2017	4	18	10.124
00000019	2017	4	19	10.347
00000019	2017	4	20	10.393
00000019	2017	4	21	10.274
00000019	2017	4	22	10.286
00000019	2017	4	23	8.617
00000019	2017	4	24	8.745
00000019	2017	4	25	9.239
00000019	2017	4	26	9.587
00000019	2017	4	27	8.448
00000019	2017	4	28	8.327
00000019	2017	4	29	8.96
00000019	2017	4	30	9.16
00000019	2017	5	1	7.255
00000019	2017	5	2	7.386
00000019	2017	5	3	8.011
00000019	2017	5	4	8.1
00000019	2017	5	5	7.399
00000019	2017	5	6	7.474
00000019	2017	5	7	8.057
00000019	2017	5	8	8.613
00000019	2017	5	9	9.059
00000019	2017	5	10	9.463
00000019	2017	5	11	9.757
00000019	2017	5	12	9.982
00000019	2017	5	13	10.226
00000019	2017	5	14	10.452
00000019	2017	5	15	10.614
00000019	2017	5	16	10.795
00000019	2017	5	17	10.984
00000019	2017	5	18	11.197
00000019	2017	5	19	11.404
00000019	2017	5	20	11.548
00000019	2017	5	21	10.986
00000019	2017	5	22	11.163
00000019	2017	5	23	10.057
00000019	2017	5	24	9.181
00000019	2017	5	25	9.446
00000019	2017	5	26	10.052
00000019	2017	5	27	10.387
00000019	2017	5	28	8.126
00000019	2017	5	29	8.47
00000019	2017	5	30	9.216
00000019	2017	5	31	9.696
00000019	2017	6	1	10.054
00000019	2017	6	2	10.327
00000019	2017	6	3	10.545
00000019	2017	6	4	10.404
00000019	2017	6	5	7.358
00000019	2017	6	6	7.706
00000019	2017	6	7	8.427
00000019	2017	6	8	9.087
00000019	2017	6	9	9.577
00000019	2017	6	10	9.989
00000019	2017	6	11	10.312
00000019	2017	6	12	10.538
00000019	2017	6	13	10.712
00000019	2017	6	14	10.907
00000019	2017	6	15	10.757
00000019	2017	6	16	10.425
00000019	2017	6	17	10.706
00000019	2017	6	18	10.953
00000019	2017	6	19	11.03
00000019	2017	6	20	11.095
00000019	2017	6	21	11.347
00000019	2017	6	22	9.383
00000019	2017	6	23	6.418
00000019	2017	6	24	6.344
00000019	2017	6	25	7.317
00000019	2017	6	26	8.318
00000019	2017	6	27	9.003
00000019	2017	6	28	9.546
00000019	2017	6	29	9.802
00000019	2017	6	30	9.427
00000019	2017	7	1	9.798
00000019	2017	7	2	10.118
00000019	2017	7	3	9.96
00000019	2017	7	4	6.495
00000019	2017	7	5	6.082
00000019	2017	7	6	5.956
00000019	2017	7	7	5.787
00000019	2017	7	8	6.468
00000019	2017	7	9	7.346
00000019	2017	7	10	7.969
00000019	2017	7	11	8.424
00000019	2017	7	12	9.044
00000019	2017	7	13	9.56
00000019	2017	7	14	9.928
00000019	2017	7	15	10.057
00000019	2017	7	16	10.198
00000019	2017	7	17	10.459
00000019	2017	7	18	10.663
00000019	2017	7	19	10.872
00000019	2017	7	20	11.065
00000019	2017	7	21	11.274
00000019	2017	7	22	11.486
00000019	2017	7	23	11.602
00000019	2017	7	24	11.323
00000019	2017	7	25	11.422
00000019	2017	7	26	11.648
00000019	2017	7	27	11.848
00000019	2017	7	28	10.893
00000019	2017	7	29	10.205
00000019	2017	7	30	10.764
00000019	2017	7	31	11.074
00000019	2017	8	1	11.375
00000019	2017	8	2	11.648
00000019	2017	8	3	11.914
00000019	2017	8	4	12.162
00000019	2017	8	5	12.308
00000019	2017	8	6	12.515
00000019	2017	8	7	12.436
00000019	2017	8	8	11.917
00000019	2017	8	9	11.813
00000019	2017	8	10	11.714
00000019	2017	8	11	11.353
00000019	2017	8	12	11.32
00000019	2017	8	13	11.579
00000019	2017	8	14	11.83
00000019	2017	8	15	11.787
00000019	2017	8	16	11.83
00000019	2017	8	17	12.02
00000019	2017	8	18	12.265
00000019	2017	8	19	12.528
00000019	2017	8	20	12.781
00000019	2017	8	21	13.025
00000019	2017	8	22	13.221
00000019	2017	8	23	13.386
00000019	2017	8	24	13.557
00000019	2017	8	25	13.73
00000019	2017	8	26	13.903
00000019	2017	8	27	14.036
00000019	2017	8	28	14.149
00000019	2017	8	29	14.27
00000019	2017	8	30	14.251
00000019	2017	8	31	13.198
00000019	2017	9	1	12.672
00000019	2017	9	2	12.69
00000019	2017	9	3	12.976
00000019	2017	9	4	13.232
00000019	2017	9	5	13.326
00000019	2017	9	6	12.52
00000019	2017	9	7	12.475
00000019	2017	9	8	12.752
00000019	2017	9	9	13.029
00000019	2017	9	10	13.267
00000019	2017	9	11	12.693
00000019	2017	9	12	8.063
00000019	2017	9	13	9.038
00000019	2017	9	14	9.885
00000019	2017	9	15	10.538
00000019	2017	9	16	10.911
00000019	2017	9	17	11.188
00000019	2017	9	18	11.463
00000019	2017	9	19	11.714
00000019	2017	9	20	11.948
00000019	2017	9	21	12.174
00000019	2017	9	22	12.375
00000019	2017	9	23	12.552
00000019	2017	9	24	12.679
00000019	2017	9	25	12.732
00000019	2017	9	26	12.702
00000019	2017	9	27	12.586
00000019	2017	9	28	12.463
00000019	2017	9	29	12.377
00000019	2017	9	30	12.34
00000019	2017	10	1	12.314
00000019	2017	10	2	12.3
00000019	2017	10	3	12.307
00000019	2017	10	4	12.294
00000019	2017	10	5	12.237
00000019	2017	10	6	12.184
00000019	2017	10	7	12.142
00000019	2017	10	8	9.72
00000019	2017	10	9	9.259
00000019	2017	10	10	10.173
00000019	2017	10	11	10.524
00000019	2017	10	12	10.679
00000019	2017	10	13	10.782
00000019	2017	10	14	10.845
00000019	2017	10	15	10.719
00000019	2017	10	16	10.428
00000019	2017	10	17	10.574
00000019	2017	10	18	10.592
00000019	2017	10	19	10.581
00000019	2017	10	20	10.562
00000019	2017	10	21	10.513
00000019	2017	10	22	10.407
00000019	2017	10	23	8.948
00000019	2017	10	24	8.892
00000019	2017	10	25	9.2
00000019	2017	10	26	9.318
00000019	2017	10	27	9.351
00000019	2017	10	28	7.265
00000019	2017	10	29	7.516
00000019	2017	10	30	8.085
00000019	2017	10	31	8.339
00000019	2017	11	1	8.457
00000019	2017	11	2	8.479
00000019	2017	11	3	8.468
00000019	2017	11	4	8.531
00000019	2017	11	5	8.61
00000019	2017	11	6	8.587
00000019	2017	11	7	8.451
00000019	2017	11	8	8.009
00000019	2017	11	9	8.006
00000019	2017	11	10	8.195
00000019	2017	11	11	8.353
00000019	2017	11	12	8.464
00000019	2017	11	13	8.554
00000019	2017	11	14	8.617
00000019	2017	11	15	9.1
00000019	2017	11	16	9.622
00000019	2017	11	17	9.987
00000019	2017	11	18	10.103
00000019	2017	11	19	10.073
00000019	2017	11	20	10.403
00000019	2017	11	21	10.533
00000019	2017	11	22	10.688
00000019	2017	11	23	10.811
00000019	2017	11	24	10.974
00000019	2017	11	25	11.131
00000019	2017	11	26	11.307
00000019	2017	11	27	11.45
00000019	2017	11	28	11.573
00000019	2017	11	29	11.68
00000019	2017	11	30	11.753
00000019	2017	12	1	11.831
00000019	2017	12	2	11.922
00000019	2017	12	3	12.012
00000019	2017	12	4	12.097
00000019	2017	12	5	10.998
00000019	2017	12	6	9.286
00000019	2017	12	7	9.884
00000019	2017	12	8	10.178
00000019	2017	12	9	10.384
00000019	2017	12	10	10.611
00000019	2017	12	11	10.683
00000019	2017	12	12	10.746
00000019	2017	12	13	10.852
00000019	2017	12	14	10.929
00000019	2017	12	15	11.118
00000019	2017	12	16	11.188
00000019	2017	12	17	10.884
00000019	2017	12	18	10.704
00000019	2017	12	19	10.71
00000019	2017	12	20	6.858
00000019	2017	12	21	6.931
00000019	2017	12	22	7.718
00000019	2017	12	23	7.847
00000019	2017	12	24	7.863
00000019	2017	12	25	8.418
00000019	2017	12	26	8.767
00000019	2017	12	27	9.123
00000019	2017	12	28	9.361
00000019	2017	12	29	9.543
00000019	2017	12	30	9.688
00000019	2017	12	31	9.873
00000019	2018	1	1	10.042
00000019	2018	1	2	10.023
00000019	2018	1	3	9.918
00000019	2018	1	4	9.934
00000019	2018	1	5	9.966
00000019	2018	1	6	10.032
00000019	2018	1	7	10.03
00000019	2018	1	8	9.271
00000019	2018	1	9	8.494
00000019	2018	1	10	8.777
00000019	2018	1	11	8.936
00000019	2018	1	12	8.483
00000019	2018	1	13	8.647
00000019	2018	1	14	8.88
00000019	2018	1	15	9.017
00000019	2018	1	16	9.188
00000019	2018	1	17	9.326
00000019	2018	1	18	9.406
00000019	2018	1	19	9.549
00000019	2018	1	20	9.67
00000019	2018	1	21	9.749
00000019	2018	1	22	9.752
00000019	2018	1	23	9.802
00000019	2018	1	24	9.797
00000019	2018	1	25	9.837
00000019	2018	1	26	9.887
00000019	2018	1	27	9.9
00000019	2018	1	28	9.565
00000019	2018	1	29	9.427
00000019	2018	1	30	9.666
00000019	2018	1	31	9.717
00000019	2018	2	1	9.676
00000019	2018	2	2	9.363
00000019	2018	2	3	9.484
00000019	2018	2	4	7.714
00000019	2018	2	5	7.783
00000019	2018	2	6	8.161
00000019	2018	2	7	6.638
00000019	2018	2	8	7.075
00000019	2018	2	9	7.617
00000019	2018	2	10	6.468
00000019	2018	2	11	5.375
00000019	2018	2	12	6.265
00000019	2018	2	13	6.79
00000019	2018	2	14	6.968
00000019	2018	2	15	6.683
00000019	2018	2	16	7.067
00000019	2018	2	17	7.418
00000019	2018	2	18	7.367
00000019	2018	2	19	7.424
00000019	2018	2	20	7.689
00000019	2018	2	21	7.941
00000019	2018	2	22	8.123
00000019	2018	2	23	8.22
00000019	2018	2	24	8.278
00000019	2018	2	25	7.624
00000019	2018	2	26	6.834
00000019	2018	2	27	7.069
00000019	2018	2	28	5.42
00000019	2018	3	1	4.997
00000019	2018	3	2	5.973
00000019	2018	3	3	6.537
00000019	2018	3	4	7.108
00000019	2018	3	5	7.51
00000019	2018	3	6	7.642
00000019	2018	3	7	7.898
00000019	2018	3	8	8.086
00000019	2018	3	9	8.224
00000019	2018	3	10	8.172
00000019	2018	3	11	6.923
00000019	2018	3	12	7.066
00000019	2018	3	13	7.463
00000019	2018	3	14	7.788
00000019	2018	3	15	8
00000019	2018	3	16	8.191
00000019	2018	3	17	8.244
00000019	2018	3	18	8.336
00000019	2018	3	19	8.287
00000019	2018	3	20	8.258
00000019	2018	3	21	8.496
00000019	2018	3	22	8.743
00000019	2018	3	23	8.88
00000019	2018	3	24	8.931
00000019	2018	3	25	8.977
00000019	2018	3	26	9.191
00000019	2018	3	27	9.274
00000019	2018	3	28	9.307
00000019	2018	3	29	8.968
00000019	2018	3	30	8.051
00000019	2018	3	31	8.348
00000019	2018	4	1	8.547
00000019	2018	4	2	8.727
00000019	2018	4	3	8.896
00000019	2018	4	4	8.895
00000019	2018	4	5	9.118
00000019	2018	4	6	8.811
00000019	2018	4	7	7.549
00000019	2018	4	8	7.729
00000019	2018	4	9	8.026
00000019	2018	4	10	8.328
00000019	2018	4	11	8.566
00000019	2018	4	12	8.752
00000019	2018	4	13	8.929
00000019	2018	4	14	8.172
00000019	2018	4	15	5.273
00000019	2018	4	16	6.295
00000019	2018	4	17	6.944
00000019	2018	4	18	7.509
00000019	2018	4	19	7.953
00000019	2018	4	20	8.203
00000019	2018	4	21	8.358
00000019	2018	4	22	8.134
00000019	2018	4	23	6.657
00000019	2018	4	24	6.573
00000019	2018	4	25	7.227
00000019	2018	4	26	7.022
00000019	2018	4	27	6.644
00000019	2018	4	28	7.291
00000019	2018	4	29	7.828
00000019	2018	4	30	8.129
00000019	2018	5	1	8.334
00000019	2018	5	2	8.558
00000019	2018	5	3	8.871
00000019	2018	5	4	9.132
00000019	2018	5	5	9.093
00000019	2018	5	6	8.874
00000019	2018	5	7	9.134
00000019	2018	5	8	9.383
00000019	2018	5	9	9.567
00000019	2018	5	10	9.715
00000019	2018	5	11	9.847
00000019	2018	5	12	9.972
00000019	2018	5	13	10.083
00000019	2018	5	14	10.18
00000019	2018	5	15	10.262
00000019	2018	5	16	10.317
00000019	2018	5	17	10.264
00000019	2018	5	18	10.209
00000019	2018	5	19	10.285
00000019	2018	5	20	10.442
00000019	2018	5	21	10.534
00000019	2018	5	22	10.558
00000019	2018	5	23	10.709
00000019	2018	5	24	10.793
00000019	2018	5	25	10.632
00000019	2018	5	26	10.298
00000019	2018	5	27	10.534
00000019	2018	5	28	10.108
00000019	2018	5	29	9.835
00000019	2018	5	30	9.784
00000019	2018	5	31	9.742
00000019	2018	6	1	9.824
00000019	2018	6	2	9.971
00000019	2018	6	3	10.273
00000019	2018	6	4	10.503
00000019	2018	6	5	10.648
00000019	2018	6	6	10.802
00000019	2018	6	7	10.953
00000019	2018	6	8	11.024
00000019	2018	6	9	11.229
00000019	2018	6	10	11.126
00000019	2018	6	11	10.638
00000019	2018	6	12	10.245
00000019	2018	6	13	9.419
00000019	2018	6	14	9.932
00000019	2018	6	15	10.279
00000019	2018	6	16	10.529
00000019	2018	6	17	10.692
00000019	2018	6	18	10.814
00000019	2018	6	19	11.005
00000019	2018	6	20	11.177
00000019	2018	6	21	10.816
00000019	2018	6	22	10.34
00000019	2018	6	23	9.346
00000019	2018	6	24	9.337
00000019	2018	6	25	9.67
00000019	2018	6	26	9.636
00000019	2018	6	27	10.005
00000019	2018	6	28	9.698
00000019	2018	6	29	9.106
00000019	2018	6	30	9.742
00000019	2018	7	1	10.146
00000019	2018	7	2	10.308
00000019	2018	7	3	10.496
00000019	2018	7	4	10.714
00000019	2018	7	5	10.876
00000019	2018	7	6	10.654
00000019	2018	7	7	10.158
00000019	2018	7	8	9.883
00000019	2018	7	9	10.312
00000019	2018	7	10	10.553
00000019	2018	7	11	10.743
00000019	2018	7	12	10.931
00000019	2018	7	13	10.941
00000019	2018	7	14	10.959
00000019	2018	7	15	11.195
00000019	2018	7	16	11.36
00000019	2018	7	17	11.306
00000019	2018	7	18	10.646
00000019	2018	7	19	10.941
00000019	2018	7	20	11.186
00000019	2018	7	21	11.219
00000019	2018	7	22	11.298
00000019	2018	7	23	11.452
00000019	2018	7	24	11.481
00000019	2018	7	25	11.588
00000019	2018	7	26	11.739
00000019	2018	7	27	11.895
00000019	2018	7	28	12.054
00000019	2018	7	29	12.199
00000019	2018	7	30	12.281
00000019	2018	7	31	12.238
00000019	2018	8	1	10.746
00000019	2018	8	2	10.694
00000019	2018	8	3	11.039
00000019	2018	8	4	11.303
00000019	2018	8	5	11.513
00000019	2018	8	6	11.464
00000019	2018	8	7	10.929
00000019	2018	8	8	11.212
00000019	2018	8	9	11.035
00000019	2018	8	10	10.538
00000019	2018	8	11	10.87
00000019	2018	8	12	11.163
00000019	2018	8	13	11.402
00000019	2018	8	14	11.6
00000019	2018	8	15	11.786
00000019	2018	8	16	11.972
00000019	2018	8	17	12.063
00000019	2018	8	18	11.267
00000019	2018	8	19	11.435
00000019	2018	8	20	11.657
00000019	2018	8	21	11.851
00000019	2018	8	22	12.045
00000019	2018	8	23	12.229
00000019	2018	8	24	12.398
00000019	2018	8	25	12.557
00000019	2018	8	26	12.699
00000019	2018	8	27	12.818
00000019	2018	8	28	12.93
00000019	2018	8	29	12.901
00000019	2018	8	30	12.533
00000019	2018	8	31	12.568
00000019	2018	9	1	12.723
00000019	2018	9	2	12.868
00000019	2018	9	3	12.983
00000019	2018	9	4	13.082
00000019	2018	9	5	13.168
00000019	2018	9	6	13.233
00000019	2018	9	7	13.178
00000019	2018	9	8	13.23
00000019	2018	9	9	13.306
00000019	2018	9	10	13.2
00000019	2018	9	11	12.811
00000019	2018	9	12	12.891
00000019	2018	9	13	13.026
00000019	2018	9	14	13.14
00000019	2018	9	15	13.243
00000019	2018	9	16	13.342
00000019	2018	9	17	13.429
00000019	2018	9	18	13.517
00000019	2018	9	19	13.584
00000019	2018	9	20	13.652
00000019	2018	9	21	13.635
00000019	2018	9	22	12.899
00000019	2018	9	23	12.774
00000019	2018	9	24	12.467
00000019	2018	9	25	10.097
00000019	2018	9	26	9.597
00000019	2018	9	27	7.928
00000019	2018	9	28	7.692
00000019	2018	9	29	8.974
00000019	2018	9	30	9.705
00000019	2018	10	1	10.152
00000019	2018	10	2	10.467
00000019	2018	10	3	10.682
00000019	2018	10	4	10.92
00000019	2018	10	5	11.111
00000019	2018	10	6	11.278
00000019	2018	10	7	11.438
00000019	2018	10	8	11.593
00000019	2018	10	9	11.717
00000019	2018	10	10	11.797
00000019	2018	10	11	11.841
00000019	2018	10	12	11.969
00000019	2018	10	13	12.083
00000019	2018	10	14	12.195
00000019	2018	10	15	12.302
00000019	2018	10	16	11.921
00000019	2018	10	17	10.023
00000019	2018	10	18	10.583
00000019	2018	10	19	10.896
00000019	2018	10	20	11.077
00000019	2018	10	21	11.202
00000019	2018	10	22	11.331
00000019	2018	10	23	11.431
00000019	2018	10	24	11.517
00000019	2018	10	25	11.502
00000019	2018	10	26	8.713
00000019	2018	10	27	8.882
00000019	2018	10	28	9.547
00000019	2018	10	29	9.992
00000019	2018	10	30	10.249
00000019	2018	10	31	10.398
00000019	2018	11	1	8.897
00000019	2018	11	2	7.88
00000019	2018	11	3	8.761
00000019	2018	11	4	9.201
00000019	2018	11	5	8.319
00000019	2018	11	6	7.119
00000019	2018	11	7	7.853
00000019	2018	11	8	8.353
00000019	2018	11	9	7.598
00000019	2018	11	10	7.696
00000019	2018	11	11	8.297
00000019	2018	11	12	7.011
00000019	2018	11	13	6.604
00000019	2018	11	14	7.181
00000019	2018	11	15	6.463
00000019	2018	11	16	7.177
00000019	2018	11	17	7.797
00000019	2018	11	18	8.163
00000019	2018	11	19	8.385
00000019	2018	11	20	8.573
00000019	2018	11	21	8.781
00000019	2018	11	22	8.933
00000019	2018	11	23	9.008
00000019	2018	11	24	8.743
00000019	2018	11	25	8.933
00000019	2018	11	26	8.906
00000019	2018	11	27	9.078
00000019	2018	11	28	9.191
00000019	2018	11	29	9.239
00000019	2018	11	30	8.939
00000019	2018	12	1	7.057
00000019	2018	12	2	7.087
00000019	2018	12	3	7.753
00000019	2018	12	4	8.136
00000019	2018	12	5	8.364
00000019	2018	12	6	8.517
00000019	2018	12	7	8.661
00000019	2018	12	8	7.335
00000019	2018	12	9	5.293
00000019	2018	12	10	6.214
00000019	2018	12	11	6.538
00000019	2018	12	12	7.039
00000019	2018	12	13	7.41
00000019	2018	12	14	7.25
00000019	2018	12	15	6.907
00000019	2018	12	16	7.29
00000019	2018	12	17	7.563
00000019	2018	12	18	7.76
00000019	2018	12	19	7.894
00000019	2018	12	20	7.649
00000019	2018	12	21	6.971
00000019	2018	12	22	7.135
00000019	2018	12	23	7.498
00000019	2018	12	24	7.774
00000019	2018	12	25	7.929
00000019	2018	12	26	8.065
00000019	2018	12	27	7.592
00000019	2018	12	28	4.728
00000019	2018	12	29	6.137
00000019	2018	12	30	6.718
00000019	2018	12	31	7.054
00000019	2019	1	1	6.718
00000019	2019	1	2	6.973
00000019	2019	1	3	5.51
00000019	2019	1	4	5.72
00000019	2019	1	5	6.33
00000019	2019	1	6	6.992
00000019	2019	1	7	7.496
00000019	2019	1	8	7.83
00000019	2019	1	9	8.086
00000019	2019	1	10	8.263
00000019	2019	1	11	8.399
00000019	2019	1	12	8.324
00000019	2019	1	13	7.793
00000019	2019	1	14	8.014
00000019	2019	1	15	8.183
00000019	2019	1	16	8.331
00000019	2019	1	17	8.233
00000019	2019	1	18	7.946
00000019	2019	1	19	6.538
00000019	2019	1	20	6.422
00000019	2019	1	21	7.167
00000019	2019	1	22	7.573
00000019	2019	1	23	6.963
00000019	2019	1	24	6.099
00000019	2019	1	25	6.814
00000019	2019	1	26	7.372
00000019	2019	1	27	7.717
00000019	2019	1	28	7.957
00000019	2019	1	29	8.083
00000019	2019	1	30	8.212
00000019	2019	1	31	8.324
00000019	2019	2	1	8.398
00000019	2019	2	2	8.467
00000019	2019	2	3	8.53
00000019	2019	2	4	8.659
00000019	2019	2	5	8.868
00000019	2019	2	6	8.932
00000019	2019	2	7	9.094
00000019	2019	2	8	8.694
00000019	2019	2	9	8.923
00000019	2019	2	10	8.875
00000019	2019	2	11	8.78
00000019	2019	2	12	6.972
00000019	2019	2	13	6.698
00000019	2019	2	14	7.307
00000019	2019	2	15	7.605
00000019	2019	2	16	6.401
00000019	2019	2	17	6.452
00000019	2019	2	18	5.702
00000019	2019	2	19	5.802
00000019	2019	2	20	5.233
00000019	2019	2	21	5.236
00000019	2019	2	22	5.29
00000019	2019	2	23	4.847
00000019	2019	2	24	5.262
00000019	2019	2	25	6.141
00000019	2019	2	26	6.653
00000019	2019	2	27	7.139
00000019	2019	2	28	7.345
00000019	2019	3	1	7.017
00000019	2019	3	2	7.067
00000019	2019	3	3	6.617
00000019	2019	3	4	6.492
00000019	2019	3	5	7.037
00000019	2019	3	6	7.478
00000019	2019	3	7	7.768
00000019	2019	3	8	7.427
00000019	2019	3	9	6.19
00000019	2019	3	10	5.977
00000019	2019	3	11	6.477
00000019	2019	3	12	6.74
00000019	2019	3	13	7.016
00000019	2019	3	14	7.254
00000019	2019	3	15	7.203
00000019	2019	3	16	7.445
00000019	2019	3	17	7.699
00000019	2019	3	18	7.959
00000019	2019	3	19	8.157
00000019	2019	3	20	8.265
00000019	2019	3	21	8.357
00000019	2019	3	22	8.582
00000019	2019	3	23	8.865
00000019	2019	3	24	9.061
00000019	2019	3	25	9.068
00000019	2019	3	26	9.301
00000019	2019	3	27	9.499
00000019	2019	3	28	9.626
00000019	2019	3	29	9.707
00000019	2019	3	30	9.727
00000019	2019	3	31	9.18
00000019	2019	4	1	9.552
00000019	2019	4	2	9.704
00000019	2019	4	3	9.862
00000019	2019	4	4	9.872
00000019	2019	4	5	8.365
00000019	2019	4	6	8.671
00000019	2019	4	7	8.385
00000019	2019	4	8	7.559
00000019	2019	4	9	7.276
00000019	2019	4	10	7.767
00000019	2019	4	11	8.124
00000019	2019	4	12	8.415
00000019	2019	4	13	8.604
00000019	2019	4	14	7.518
00000019	2019	4	15	7.77
00000019	2019	4	16	8.133
00000019	2019	4	17	8.352
00000019	2019	4	18	8.418
00000019	2019	4	19	6.812
00000019	2019	4	20	6.989
00000019	2019	4	21	7.552
00000019	2019	4	22	7.99
00000019	2019	4	23	8.268
00000019	2019	4	24	8.482
00000019	2019	4	25	8.737
00000019	2019	4	26	9.009
00000019	2019	4	27	9.361
00000019	2019	4	28	9.617
00000019	2019	4	29	9.873
00000019	2019	4	30	10.071
00000019	2019	5	1	10.261
00000019	2019	5	2	10.437
00000019	2019	5	3	10.596
00000019	2019	5	4	9.891
00000019	2019	5	5	8.455
00000019	2019	5	6	9.013
00000019	2019	5	7	9.478
00000019	2019	5	8	9.781
00000019	2019	5	9	9.584
00000019	2019	5	10	9.226
00000019	2019	5	11	7.762
00000019	2019	5	12	7.099
00000019	2019	5	13	7.486
00000019	2019	5	14	8.182
00000019	2019	5	15	8.641
00000019	2019	5	16	8.966
00000019	2019	5	17	9.347
00000019	2019	5	18	9.654
00000019	2019	5	19	9.928
00000019	2019	5	20	10.191
00000019	2019	5	21	10.418
00000019	2019	5	22	10.658
00000019	2019	5	23	10.874
00000019	2019	5	24	11.053
00000019	2019	5	25	11.257
00000019	2019	5	26	11.458
00000019	2019	5	27	11.637
00000019	2019	5	28	11.807
00000019	2019	5	29	11.995
00000019	2019	5	30	12.177
00000019	2019	5	31	12.357
00000019	2019	6	1	12.527
00000019	2019	6	2	12.688
00000019	2019	6	3	12.855
00000019	2019	6	4	13.022
00000019	2019	6	5	13.056
00000019	2019	6	6	13.033
00000019	2019	6	7	12.736
00000019	2019	6	8	11.063
00000019	2019	6	9	10.577
00000019	2019	6	10	10.898
00000019	2019	6	11	11.244
00000019	2019	6	12	11.562
00000019	2019	6	13	11.776
00000019	2019	6	14	12.092
00000019	2019	6	15	12.373
00000019	2019	6	16	12.609
00000019	2019	6	17	12.778
00000019	2019	6	18	12.041
00000019	2019	6	19	11.423
00000019	2019	6	20	11.34
00000019	2019	6	21	11.467
00000019	2019	6	22	11.767
00000019	2019	6	23	12.045
00000019	2019	6	24	12.179
00000019	2019	6	25	11.899
00000019	2019	6	26	12.017
00000019	2019	6	27	12.303
00000019	2019	6	28	12.563
00000019	2019	6	29	12.265
00000019	2019	6	30	12.26
00000019	2019	7	1	12.498
00000019	2019	7	2	12.739
00000019	2019	7	3	12.759
00000019	2019	7	4	12.945
00000019	2019	7	5	13.129
00000019	2019	7	6	13.087
00000019	2019	7	7	13.027
00000019	2019	7	8	12.729
00000019	2019	7	9	12.78
00000019	2019	7	10	13.052
00000019	2019	7	11	13.28
00000019	2019	7	12	13.449
00000019	2019	7	13	13.617
00000019	2019	7	14	13.777
00000019	2019	7	15	13.908
00000019	2019	7	16	14.028
00000019	2019	7	17	14.143
00000019	2019	7	18	14.237
00000019	2019	7	19	14.113
00000019	2019	7	20	14.158
00000019	2019	7	21	14.292
00000019	2019	7	22	14.4
00000019	2019	7	23	14.468
00000019	2019	7	24	14.555
00000019	2019	7	25	14.653
00000019	2019	7	26	14.769
00000019	2019	7	27	14.882
00000019	2019	7	28	14.975
00000019	2019	7	29	15.053
00000019	2019	7	30	15.132
00000019	2019	7	31	15.211
00000019	2019	8	1	15.281
00000019	2019	8	2	15.327
00000019	2019	8	3	15.163
00000019	2019	8	4	15.152
00000019	2019	8	5	14.838
00000019	2019	8	6	14.797
00000019	2019	8	7	14.923
00000019	2019	8	8	14.788
00000019	2019	8	9	14.839
00000019	2019	8	10	14.991
00000019	2019	8	11	15.145
00000019	2019	8	12	15.278
00000019	2019	8	13	15.382
00000019	2019	8	14	15.474
00000019	2019	8	15	15.563
00000019	2019	8	16	15.646
00000019	2019	8	17	15.725
00000019	2019	8	18	15.8
00000019	2019	8	19	15.873
00000019	2019	8	20	15.937
00000019	2019	8	21	15.667
00000019	2019	8	22	15.577
00000019	2019	8	23	15.687
00000019	2019	8	24	15.802
00000019	2019	8	25	15.842
00000019	2019	8	26	15.27
00000019	2019	8	27	13.78
00000019	2019	8	28	13.621
00000019	2019	8	29	13.909
00000019	2019	8	30	14.194
00000019	2019	8	31	14.443
00000019	2019	9	1	14.662
00000019	2019	9	2	14.863
00000019	2019	9	3	15.047
00000019	2019	9	4	15.225
00000019	2019	9	5	15.373
00000019	2019	9	6	15.534
00000019	2019	9	7	15.683
00000019	2019	9	8	15.831
00000019	2019	9	9	15.952
00000019	2019	9	10	16.056
00000019	2019	9	11	16.138
00000019	2019	9	12	16.209
00000019	2019	9	13	16.273
00000019	2019	9	14	16.338
00000019	2019	9	15	16.398
00000019	2019	9	16	16.448
00000019	2019	9	17	16.502
00000019	2019	9	18	16.553
00000019	2019	9	19	16.613
00000019	2019	9	20	16.675
00000019	2019	9	21	16.725
00000019	2019	9	22	16.773
00000019	2019	9	23	16.818
00000019	2019	9	24	16.856
00000019	2019	9	25	16.897
00000019	2019	9	26	16.939
00000019	2019	9	27	16.983
00000019	2019	9	28	17.033
00000019	2019	9	29	17.083
00000019	2019	9	30	17.123
00000019	2019	10	1	17.161
00000019	2019	10	2	17.199
00000019	2019	10	3	17.245
00000019	2019	10	4	17.288
00000019	2019	10	5	17.329
00000019	2019	10	6	17.352
00000019	2019	10	7	17.055
00000019	2019	10	8	16.442
00000019	2019	10	9	16.445
00000019	2019	10	10	16.589
00000019	2019	10	11	16.735
00000019	2019	10	12	16.861
00000019	2019	10	13	16.978
00000019	2019	10	14	17.087
00000019	2019	10	15	17.173
00000019	2019	10	16	17.223
00000019	2019	10	17	17.277
00000019	2019	10	18	17.333
00000019	2019	10	19	17.32
00000019	2019	10	20	16.754
00000019	2019	10	21	16.597
00000019	2019	10	22	15.541
00000019	2019	10	23	14.834
00000019	2019	10	24	14.927
00000019	2019	10	25	14.905
00000019	2019	10	26	13.149
00000019	2019	10	27	12.152
00000019	2019	10	28	12.336
00000019	2019	10	29	12.885
00000019	2019	10	30	11.952
00000019	2019	10	31	7.007
00000019	2019	11	1	7.811
00000019	2019	11	2	9.066
00000019	2019	11	3	9.878
00000019	2019	11	4	10.362
00000019	2019	11	5	10.763
00000019	2019	11	6	11.136
00000019	2019	11	7	11.467
00000019	2019	11	8	11.756
00000019	2019	11	9	12.028
00000019	2019	11	10	12.285
00000019	2019	11	11	12.515
00000019	2019	11	12	11.185
00000019	2019	11	13	10.667
00000019	2019	11	14	10.972
00000019	2019	11	15	11.194
00000019	2019	11	16	11.374
00000019	2019	11	17	11.542
00000019	2019	11	18	11.696
00000019	2019	11	19	11.892
00000019	2019	11	20	12.16
00000019	2019	11	21	12.399
00000019	2019	11	22	12.434
00000019	2019	11	23	9.078
00000019	2019	11	24	7.958
00000019	2019	11	25	8.815
00000019	2019	11	26	9.382
00000019	2019	11	27	7.783
00000019	2019	11	28	7.87
00000019	2019	11	29	8.517
00000019	2019	11	30	8.756
00000019	2019	12	1	6.178
00000019	2019	12	2	7.367
00000019	2019	12	3	8.093
00000019	2019	12	4	8.568
00000019	2019	12	5	8.962
00000019	2019	12	6	9.235
00000019	2019	12	7	9.493
00000019	2019	12	8	9.665
00000019	2019	12	9	9.767
00000019	2019	12	10	8.653
00000019	2019	12	11	7.892
00000019	2019	12	12	8.298
00000019	2019	12	13	8.551
00000019	2019	12	14	8.805
00000019	2019	12	15	9.152
00000019	2019	12	16	8.8
00000019	2019	12	17	5.491
00000019	2019	12	18	6.732
00000019	2019	12	19	7.423
00000019	2019	12	20	7.798
00000019	2019	12	21	8.028
00000019	2019	12	22	6.836
00000019	2019	12	23	4.895
00000019	2019	12	24	6.136
00000019	2019	12	25	6.844
00000019	2019	12	26	7.372
00000019	2019	12	27	7.723
00000019	2019	12	28	7.933
00000019	2019	12	29	7.27
00000019	2019	12	30	5.81
00000019	2019	12	31	6.488
00000019	2020	1	1	7.089
00000019	2020	1	2	6.263
00000019	2020	1	3	4.749
00000019	2020	1	4	5.493
00000019	2020	1	5	6.126
00000019	2020	1	6	6.624
00000019	2020	1	7	7.173
00000019	2020	1	8	7.601
00000019	2020	1	9	7.834
00000019	2020	1	10	7.98
00000019	2020	1	11	7.562
00000019	2020	1	12	6.573
00000019	2020	1	13	7.04
00000019	2020	1	14	6.088
00000019	2020	1	15	6.121
00000019	2020	1	16	5.774
00000019	2020	1	17	6.243
00000019	2020	1	18	6.502
00000019	2020	1	19	6.325
00000019	2020	1	20	6.691
00000019	2020	1	21	7.128
00000019	2020	1	22	7.405
00000019	2020	1	23	7.318
00000019	2020	1	24	5.989
00000019	2020	1	25	6.284
00000019	2020	1	26	6.637
00000019	2020	1	27	6.9
00000019	2020	1	28	7.213
00000019	2020	1	29	7.472
00000019	2020	1	30	7.721
00000019	2020	1	31	7.879
00000019	2020	2	1	7.957
00000019	2020	2	2	8.073
00000019	2020	2	3	8.257
00000019	2020	2	4	8.084
00000019	2020	2	5	6.503
00000019	2020	2	6	4.421
00000019	2020	2	7	5.68
00000019	2020	2	8	6.118
00000019	2020	2	9	6.393
00000019	2020	2	10	5.553
00000019	2020	2	11	5.006
00000019	2020	2	12	5.355
00000019	2020	2	13	4.634
00000019	2020	2	14	5.822
00000019	2020	2	15	6.262
00000019	2020	2	16	6.602
00000019	2020	2	17	6.887
00000019	2020	2	18	6.315
00000019	2020	2	19	5.762
00000019	2020	2	20	5.62
00000019	2020	2	21	5.774
00000019	2020	2	22	6.228
00000019	2020	2	23	6.551
00000019	2020	2	24	6.306
00000019	2020	2	25	5.886
00000019	2020	2	26	6.293
00000019	2020	2	27	6.617
00000019	2020	2	28	6.858
00000019	2020	2	29	7.202
00000019	2020	3	1	7.413
00000019	2020	3	2	6.967
00000019	2020	3	3	6.381
00000019	2020	3	4	6.457
00000019	2020	3	5	6.634
00000019	2020	3	6	6.702
00000019	2020	3	7	7.051
00000019	2020	3	8	7.34
00000019	2020	3	9	7.537
00000019	2020	3	10	7.406
00000019	2020	3	11	7.358
00000019	2020	3	12	7.461
00000019	2020	3	13	7.311
00000019	2020	3	14	7.219
00000019	2020	3	15	6.043
00000019	2020	3	16	6.115
00000019	2020	3	17	5.807
00000019	2020	3	18	6.04
00000019	2020	3	19	6.441
00000019	2020	3	20	5.998
00000019	2020	3	21	5.537
00000019	2020	3	22	6.081
00000019	2020	3	23	5.421
00000019	2020	3	24	4.602
00000019	2020	3	25	5.256
00000019	2020	3	26	5.933
00000019	2020	3	27	6.358
00000019	2020	3	28	6.815
00000019	2020	3	29	7.077
00000019	2020	3	30	7.339
00000019	2020	3	31	6.96
00000019	2020	4	1	6.93
00000019	2020	4	2	7.285
00000019	2020	4	3	7.532
00000019	2020	4	4	7.74
00000019	2020	4	5	7.907
00000019	2020	4	6	8.056
00000019	2020	4	7	8.257
00000019	2020	4	8	8.37
00000019	2020	4	9	8.108
00000019	2020	4	10	8.357
00000019	2020	4	11	8.601
00000019	2020	4	12	7.448
00000019	2020	4	13	5.762
00000019	2020	4	14	6.523
00000019	2020	4	15	7.101
00000019	2020	4	16	7.537
00000019	2020	4	17	7.778
00000019	2020	4	18	7.856
00000019	2020	4	19	7.633
00000019	2020	4	20	6.262
00000019	2020	4	21	6.774
00000019	2020	4	22	7.334
00000019	2020	4	23	6.267
00000019	2020	4	24	6.528
00000019	2020	4	25	7.017
00000019	2020	4	26	7.47
00000019	2020	4	27	7.791
00000019	2020	4	28	7.997
00000019	2020	4	29	7.84
00000019	2020	4	30	7.768
00000019	2020	5	1	8.067
00000019	2020	5	2	8.323
00000019	2020	5	3	8.557
00000019	2020	5	4	8.788
00000019	2020	5	5	8.634
00000019	2020	5	6	8.818
00000019	2020	5	7	9.102
00000019	2020	5	8	8.535
00000019	2020	5	9	8.162
00000019	2020	5	10	8.549
00000019	2020	5	11	8.903
00000019	2020	5	12	9.168
00000019	2020	5	13	9.368
00000019	2020	5	14	9.533
00000019	2020	5	15	9.706
00000019	2020	5	16	9.882
00000019	2020	5	17	9.682
00000019	2020	5	18	9.037
00000019	2020	5	19	9.313
00000019	2020	5	20	9.607
00000019	2020	5	21	9.824
00000019	2020	5	22	9.145
00000019	2020	5	23	8.802
00000019	2020	5	24	9.157
00000019	2020	5	25	9.444
00000019	2020	5	26	9.69
00000019	2020	5	27	8.297
00000019	2020	5	28	6.456
00000019	2020	5	29	6.724
00000019	2020	5	30	7.399
00000019	2020	5	31	7.986
00000019	2020	6	1	8.447
00000019	2020	6	2	8.808
00000019	2020	6	3	9.104
00000019	2020	6	4	9.363
00000019	2020	6	5	8.39
00000019	2020	6	6	8.467
00000019	2020	6	7	8.882
00000019	2020	6	8	9.187
00000019	2020	6	9	8.9
00000019	2020	6	10	8.372
00000019	2020	6	11	8.935
00000019	2020	6	12	9.285
00000019	2020	6	13	9.57
00000019	2020	6	14	9.848
00000019	2020	6	15	10.106
00000019	2020	6	16	10.338
00000019	2020	6	17	10.531
00000019	2020	6	18	10.718
00000019	2020	6	19	10.917
00000019	2020	6	20	11.123
00000019	2020	6	21	11.203
00000019	2020	6	22	10.868
00000019	2020	6	23	9.821
00000019	2020	6	24	9.66
00000019	2020	6	25	9.763
00000019	2020	6	26	9.966
00000019	2020	6	27	9.754
00000019	2020	6	28	9.757
00000019	2020	6	29	9.836
00000019	2020	6	30	8.705
00000019	2020	7	1	7.156
00000019	2020	7	2	7.802
00000019	2020	7	3	8.518
00000019	2020	7	4	8.979
00000019	2020	7	5	9.325
00000019	2020	7	6	9.622
00000019	2020	7	7	9.827
00000019	2020	7	8	10.073
00000019	2020	7	9	10.198
00000019	2020	7	10	10.292
00000019	2020	7	11	10.564
00000019	2020	7	12	10.299
00000019	2020	7	13	10.191
00000019	2020	7	14	10.521
00000019	2020	7	15	10.772
00000019	2020	7	16	10.998
00000019	2020	7	17	11.262
00000019	2020	7	18	11.508
00000019	2020	7	19	11.724
00000019	2020	7	20	11.863
00000019	2020	7	21	12.071
00000019	2020	7	22	12.278
00000019	2020	7	23	12.24
00000019	2020	11	19	8.699
00000019	2020	11	20	8.785
00000019	2020	11	21	8.825
00000019	2020	11	22	8.878
00000019	2020	11	23	8.969
00000019	2020	11	24	8.997
00000019	2020	11	25	8.792
00000019	2020	11	26	8.722
00000019	2020	11	27	8.802
00000019	2020	11	28	8.634
00000019	2020	11	29	8.58
00000019	2020	11	30	7.122
00000019	2020	12	1	7.537
00000019	2020	12	2	7.949
00000019	2020	12	3	8.099
00000019	2020	12	4	7.735
00000019	2020	12	5	7.622
00000019	2020	12	6	7.825
00000019	2020	12	7	8.017
00000019	2020	12	8	8.17
00000019	2020	12	9	8.233
00000019	2020	12	10	8.3
00000019	2020	12	11	8.34
00000019	2020	12	12	8.041
00000019	2020	12	13	7.845
00000019	2020	12	14	6.163
00000019	2020	12	15	6.71
00000019	2020	12	16	6.908
00000019	2020	12	17	6.83
00000019	2020	12	18	7.208
00000019	2020	12	19	7.439
00000019	2020	12	20	7.566
00000019	2020	12	21	7.702
00000019	2020	12	22	7.972
00000019	2020	12	23	8.254
00000019	2020	12	24	6.408
00000019	2020	12	25	6.768
00000019	2020	12	26	7.394
00000019	2020	12	27	7.766
00000019	2020	12	28	8.026
00000019	2020	12	29	8.165
00000019	2020	12	30	8.253
00000019	2020	12	31	8.353
00000019	2021	1	1	8.239
00000019	2021	1	2	8.276
00000019	2021	1	3	8.476
00000019	2021	1	4	8.623
00000019	2021	1	5	8.774
00000019	2021	1	6	8.953
00000019	2021	1	7	8.909
00000019	2021	1	8	8.117
00000019	2021	1	9	8.269
00000019	2021	1	10	8.528
00000019	2021	1	11	8.491
00000019	2021	1	12	8.503
00000019	2021	1	13	8.636
00000019	2021	1	14	8.703
00000019	2021	1	15	8.808
00000019	2021	1	16	8.982
00000019	2021	1	17	9.106
00000019	2021	1	18	9.238
00000019	2021	1	19	9.349
00000019	2021	1	20	9.406
00000019	2021	1	21	8.752
00000019	2021	1	22	8.821
00000019	2021	1	23	9.043
00000019	2021	1	24	9.127
00000019	2021	1	25	8.072
00000019	2021	1	26	6.96
00000019	2021	1	27	7.404
00000019	2021	1	28	7.832
00000019	2021	1	29	8.018
00000019	2021	1	30	8.148
00000019	2021	1	31	7.57
00000019	2021	2	1	7.685
00000019	2021	2	2	7.908
00000019	2021	2	3	8.172
00000019	2021	2	4	8.311
00000019	2021	2	5	8.167
00000019	2021	2	6	8.414
00000019	2021	2	7	8.066
00000019	2021	2	8	8.238
00000019	2021	2	9	8.398
00000019	2021	2	10	8.54
00000019	2021	2	11	7.913
00000019	2021	2	12	7.176
00000019	2021	2	13	7.268
00000019	2021	2	14	7.468
00000019	2021	2	15	7.281
00000019	2021	2	16	6.727
00000019	2021	2	17	7.048
00000019	2021	2	18	6.231
00000019	2021	2	19	6.621
00000019	2021	2	20	6.994
00000019	2021	2	21	7.28
00000019	2021	2	22	7.201
00000019	2021	2	23	7.186
00000019	2021	2	24	7.488
00000019	2021	2	25	7.763
00000019	2021	2	26	6.775
00000019	2021	2	27	6.139
00000019	2021	2	28	6.538
00000019	2021	3	1	5.921
00000019	2021	3	2	6.335
00000019	2021	3	3	6.708
00000019	2021	3	4	7.079
00000019	2021	3	5	7.435
00000019	2021	3	6	7.717
00000019	2021	3	7	7.9
00000019	2021	3	8	8.028
00000019	2021	3	9	8.119
00000019	2021	3	10	8.212
00000019	2021	3	11	8.355
00000019	2021	3	12	8.49
00000019	2021	3	13	8.602
00000019	2021	3	14	8.688
00000019	2021	3	15	8.561
00000019	2021	3	16	6.588
00000019	2021	3	17	5.616
00000019	2021	3	18	5.127
00000019	2021	3	19	6.171
00000019	2021	3	20	6.678
00000019	2021	3	21	7.11
00000019	2021	3	22	7.397
00000019	2021	3	23	7.556
00000019	2021	3	24	7.704
00000019	2021	3	25	6.249
00000019	2021	3	26	5.957
00000019	2021	3	27	6.414
00000019	2021	3	28	5.99
00000019	2021	3	29	6.263
00000019	2021	3	30	6.821
00000019	2021	3	31	5.45
00000019	2021	4	1	6.107
00000019	2021	4	2	6.682
00000019	2021	4	3	7.154
00000019	2021	4	4	7.455
00000019	2021	4	5	7.677
00000019	2021	4	6	7.853
00000019	2021	4	7	7.977
00000019	2021	4	8	7.951
00000019	2021	4	9	8.128
00000019	2021	4	10	8.023
00000019	2021	4	11	8.122
00000019	2021	4	12	8.274
00000019	2021	4	13	8.53
00000019	2021	4	14	8.704
00000019	2021	4	15	8.816
00000019	2021	4	16	8.953
00000019	2021	4	17	9.092
00000019	2021	4	18	9.233
00000019	2021	4	19	9.358
00000019	2021	4	20	9.465
00000019	2021	4	21	9.603
00000019	2021	4	22	9.708
00000019	2021	4	23	9.784
00000019	2021	4	24	8.626
00000019	2021	4	25	8.342
00000019	2021	4	26	8.7
00000019	2021	4	27	8.922
00000019	2021	4	28	9.121
00000019	2021	4	29	9.285
00000019	2021	4	30	9.468
00000019	2021	5	1	9.614
00000019	2021	5	2	9.732
00000019	2021	5	3	9.836
00000019	2021	5	4	8.566
00000019	2021	5	5	7.14
00000019	2021	5	6	7.765
00000019	2021	5	7	8.148
00000019	2021	5	8	8.489
00000019	2021	5	9	8.625
00000019	2021	5	10	7.802
00000019	2021	5	11	8.1
00000019	2021	5	12	8.364
00000019	2021	5	13	8.654
00000019	2021	5	14	8.889
00000019	2021	5	15	9.104
00000019	2021	5	16	9.297
00000019	2021	5	17	9.465
00000019	2021	5	18	9.638
00000019	2021	5	19	9.803
00000019	2021	5	20	9.972
00000019	2021	5	21	10.153
00000019	2021	5	22	10.319
00000019	2021	5	23	10.465
00000019	2021	5	24	10.62
00000019	2021	5	25	10.788
00000019	2021	5	26	11.028
00000019	2021	5	27	11.371
00000019	2021	5	28	11.762
00000019	2021	5	29	12.05
00000019	2021	5	30	12.364
00000019	2021	5	31	12.647
00000019	2021	6	1	12.87
00000019	2021	6	2	12.889
00000019	2021	6	3	9.706
00000019	2021	6	4	9.81
00000019	2021	6	5	10.363
00000019	2021	6	6	9.934
00000019	2021	6	7	9.588
00000019	2021	6	8	10.141
00000019	2021	6	9	9.616
00000019	2021	6	10	9.071
00000019	2021	6	11	8.587
00000019	2021	6	12	8.959
00000019	2021	6	13	9.547
00000019	2021	6	14	9.943
00000019	2021	6	15	10.317
00000019	2021	6	16	10.652
00000019	2021	6	17	10.905
00000019	2021	6	18	11.158
00000019	2021	6	19	11.319
00000019	2021	6	20	9.667
00000019	2021	6	21	10.191
00000019	2021	6	22	8.593
00000019	2021	6	23	9.301
00000019	2021	6	24	9.988
00000019	2021	6	25	10.426
00000019	2021	6	26	10.73
00000019	2021	6	27	10.982
00000019	2021	6	28	11.273
00000019	2021	6	29	11.595
00000019	2021	6	30	11.904
00000019	2021	7	1	12.182
00000019	2021	7	2	12.356
00000019	2021	7	3	12.563
00000019	2021	7	4	12.816
00000019	2021	7	5	13.048
00000019	2021	7	6	13.246
00000019	2021	7	7	13.399
00000019	2021	7	8	13.387
00000019	2021	7	9	13.393
00000019	2021	7	10	13.108
00000019	2021	7	11	13.011
00000019	2021	7	12	12.361
00000019	2021	7	13	12.014
00000019	2021	7	14	12.098
00000019	2021	7	15	12.167
00000019	2021	7	16	12.387
00000019	2021	7	17	12.661
00000019	2021	7	18	12.868
00000019	2021	7	19	7.482
00000019	2021	7	20	7.02
00000019	2021	7	21	7.492
00000019	2021	7	22	7.51
00000019	2021	7	23	8.592
00000019	2021	7	24	9.325
00000019	2021	7	25	9.818
00000019	2021	7	26	10.142
00000019	2021	7	27	10.385
00000019	2021	7	28	10.63
00000019	2021	7	29	10.899
00000019	2021	7	30	11.073
00000019	2021	7	31	10.989
00000019	2021	8	1	11.179
00000019	2021	8	2	11.411
00000019	2021	8	3	11.642
00000019	2021	8	4	11.89
00000019	2021	8	5	12.159
00000019	2021	8	6	12.413
00000019	2021	8	7	12.632
00000019	2021	8	8	12.837
00000019	2021	8	9	13.04
00000019	2021	8	10	13.229
00000019	2021	8	11	13.215
00000019	2021	8	12	12.764
00000019	2021	8	13	12.831
00000019	2021	8	14	13.03
00000019	2021	8	15	12.257
00000019	2021	8	16	8.319
00000019	2021	8	17	8.253
00000019	2021	8	18	8.948
00000019	2021	8	19	8.898
00000019	2021	8	20	8.555
00000019	2021	8	21	8.213
00000019	2021	8	22	6.967
00000019	2021	8	23	8.01
00000019	2021	8	24	8.94
00000019	2021	8	25	9.552
00000019	2021	8	26	9.978
00000019	2021	8	27	10.54
00000019	2021	8	28	10.706
00000019	2021	8	29	10.951
00000019	2021	8	30	11.06
00000019	2021	8	31	7.742
00000019	2021	9	1	6.874
00000019	2021	9	2	8.085
00000019	2021	9	3	8.95
00000019	2021	9	4	9.497
00000019	2021	9	5	9.831
00000019	2021	9	6	9.379
00000019	2021	9	7	9.925
00000019	2021	9	8	10.206
00000019	2021	9	9	10.516
00000019	2021	9	10	10.798
00000019	2021	9	11	11.015
00000019	2021	9	12	11.262
00000019	2021	9	13	11.505
00000019	2021	9	14	11.713
00000019	2021	9	15	11.914
00000019	2021	9	16	12.132
00000019	2021	9	17	12.346
00000019	2021	9	18	12.502
00000019	2021	9	19	8.949
00000019	2021	9	20	6.34
00000019	2021	9	21	6.642
00000019	2021	9	22	7.642
00000019	2021	9	23	8.413
00000019	2021	9	24	9.017
00000019	2021	9	25	9.467
00000019	2021	9	26	9.837
00000019	2021	9	27	10.148
00000019	2021	9	28	10.402
