0000005	1967	3	1	61
0000005	1967	10	1	68.69
0000005	1968	1	1	78.99
0000005	1969	3	25	74.42
0000005	1969	10	27	75.36
0000005	1970	3	18	73.6
0000005	1970	10	12	74.04
0000005	1971	4	14	74.62
0000005	1974	1	22	81.83
0000005	1975	4	8	81.29
0000005	1976	11	3	67.82
0000005	1977	4	5	71.36
0000005	1977	11	9	68.05
0000005	1978	11	15	69.41
0000005	1979	11	16	68.34
0000005	1980	4	28	67.58
0000005	1980	8	5	77.98
0000005	1981	4	8	67.91
0000005	1981	11	4	71
0000005	1982	2	18	71.04
0000005	1982	4	22	70.27
0000005	1982	11	9	69.67
0000005	1983	12	1	70.22
0000005	1984	5	11	68.8
0000005	1984	11	15	69.85
0000005	1985	5	3	70.95
0000005	1986	4	30	70.5
0000005	1986	8	25	71.5
0000005	1986	10	22	71.31
0000005	1987	3	25	69.55
0000005	1987	10	8	71.71
0000005	1988	3	30	69.83
0000005	1988	10	13	70.83
0000005	1989	3	29	69.74
0000005	1989	10	26	68.96
0000005	1990	3	28	68.78
0000005	1990	10	9	70.74
0000005	1991	4	8	69.67
0000005	1991	10	22	70.25
0000005	1992	4	6	68.95
0000005	1992	10	12	70.43
0000005	1993	4	5	67.53
0000005	1993	10	11	69.39
0000005	1996	5	15	68.9
0000005	1996	10	17	69.8
0000005	1997	11	5	70.05
0000005	1999	10	13	70.77
0000005	2000	10	9	75.04
0000005	2001	10	11	73.59
0000005	2002	10	8	74.05
0000005	2003	10	16	72.51
0000005	2004	11	9	69.32
0000005	2006	10	3	72.28
0000005	2007	10	16	73.42
0000005	2008	10	9	72.22
0000005	2010	3	17	66.72
0000005	2013	10	30	69.2
0000005	2013	10	31	69.17
0000005	2013	11	1	69.1
0000005	2013	11	2	69.12
0000005	2013	11	3	69.15
0000005	2013	11	4	69.17
0000005	2013	11	5	69.15
0000005	2013	11	6	69.14
0000005	2013	11	7	69.12
0000005	2013	11	8	69.14
0000005	2013	11	9	69.13
0000005	2013	11	10	69.12
0000005	2013	11	11	69.11
0000005	2013	11	12	69.12
0000005	2013	11	13	69.15
0000005	2013	11	14	69.14
0000005	2013	11	15	69.09
0000005	2013	11	16	69.08
0000005	2013	11	17	69.06
0000005	2013	11	18	69.03
0000005	2013	11	19	69.03
0000005	2013	11	20	69.04
0000005	2013	11	21	69.07
0000005	2013	11	22	69.07
0000005	2013	11	23	69.06
0000005	2013	11	24	69.09
0000005	2013	11	25	69.07
0000005	2013	11	26	68.92
0000005	2013	11	27	68.94
0000005	2013	11	28	69.01
0000005	2013	11	29	69.03
0000005	2013	11	30	69.03
0000005	2013	12	1	68.98
0000005	2013	12	2	68.94
0000005	2013	12	3	68.92
0000005	2013	12	4	68.94
0000005	2013	12	5	68.88
0000005	2013	12	6	68.89
0000005	2013	12	7	68.93
0000005	2013	12	8	68.92
0000005	2013	12	9	68.9
0000005	2013	12	10	68.91
0000005	2013	12	11	68.95
0000005	2013	12	12	68.96
0000005	2013	12	13	68.95
0000005	2013	12	14	68.88
0000005	2013	12	15	68.92
0000005	2013	12	16	68.94
0000005	2013	12	17	68.95
0000005	2013	12	18	68.97
0000005	2013	12	19	68.96
0000005	2013	12	20	68.94
0000005	2013	12	21	68.93
0000005	2013	12	22	68.92
0000005	2013	12	23	68.82
0000005	2013	12	24	68.85
0000005	2013	12	25	68.86
0000005	2013	12	26	68.87
0000005	2013	12	27	68.89
0000005	2013	12	28	68.83
0000005	2013	12	29	68.72
0000005	2013	12	30	68.75
0000005	2013	12	31	68.8
0000005	2014	1	1	68.77
0000005	2014	1	2	68.73
0000005	2014	1	3	68.79
0000005	2014	1	4	68.78
0000005	2014	1	5	68.73
0000005	2014	1	6	68.78
0000005	2014	1	7	68.83
0000005	2014	1	8	68.9
0000005	2014	1	9	68.98
0000005	2014	1	10	69.01
0000005	2014	1	11	69
0000005	2014	1	12	69.08
0000005	2014	1	13	69.07
0000005	2014	1	14	69.05
0000005	2014	1	15	69.03
0000005	2014	1	16	68.97
0000005	2014	1	17	68.91
0000005	2014	1	18	68.89
0000005	2014	1	19	68.84
0000005	2014	1	20	68.81
0000005	2014	1	21	68.76
0000005	2014	1	22	68.79
0000005	2014	1	23	68.8
0000005	2014	1	24	68.82
0000005	2014	1	25	68.74
0000005	2014	1	26	68.72
0000005	2014	1	27	68.7
0000005	2014	1	28	68.72
0000005	2014	1	29	68.72
0000005	2014	1	30	68.71
0000005	2014	1	31	68.69
0000005	2014	2	1	68.68
0000005	2014	2	2	68.68
0000005	2014	2	3	68.65
0000005	2014	2	4	68.64
0000005	2014	2	5	68.62
0000005	2014	2	6	68.66
0000005	2014	2	7	68.65
0000005	2014	2	8	68.62
0000005	2014	2	9	68.61
0000005	2014	2	10	68.6
0000005	2014	2	11	68.6
0000005	2014	2	12	68.44
0000005	2014	2	13	68.41
0000005	2014	2	14	68.41
0000005	2014	2	15	68.44
0000005	2014	2	16	68.46
0000005	2014	2	17	68.46
0000005	2014	2	18	68.45
0000005	2014	2	19	68.45
0000005	2014	2	20	68.43
0000005	2014	2	21	68.37
0000005	2014	2	22	68.37
0000005	2014	2	23	68.35
0000005	2014	2	24	68.35
0000005	2014	2	25	68.34
0000005	2014	2	26	68.29
0000005	2014	2	27	68.31
0000005	2014	2	28	68.33
0000005	2014	3	1	68.36
0000005	2014	3	2	68.35
0000005	2014	3	3	68.33
0000005	2014	3	4	68.35
0000005	2014	3	5	68.34
0000005	2014	3	6	68.29
0000005	2014	3	7	68.3
0000005	2014	3	8	68.32
0000005	2014	3	9	68.32
0000005	2014	3	10	68.3
0000005	2014	3	11	68.27
0000005	2014	3	12	68.24
0000005	2014	3	13	68.32
0000005	2014	3	14	68.32
0000005	2014	3	15	68.3
0000005	2014	3	16	68.16
0000005	2014	3	17	68.06
0000005	2014	3	18	68.08
0000005	2014	3	19	68.11
0000005	2014	3	20	68.12
0000005	2014	3	21	68.13
0000005	2014	3	22	68.11
0000005	2014	3	23	68.12
0000005	2014	3	24	68.11
0000005	2014	3	25	68.12
0000005	2014	3	26	68.16
0000005	2014	3	27	68.14
0000005	2014	3	28	68.03
0000005	2014	3	29	67.93
0000005	2014	3	30	67.97
0000005	2014	3	31	67.97
0000005	2014	4	1	67.99
0000005	2014	4	2	67.99
0000005	2014	4	3	67.98
0000005	2014	4	4	67.97
0000005	2014	4	5	67.97
0000005	2014	4	6	67.9
0000005	2014	4	7	67.8
0000005	2014	4	8	67.79
0000005	2014	4	9	67.85
0000005	2014	4	10	67.89
0000005	2014	4	11	67.88
0000005	2014	4	12	67.88
0000005	2014	4	13	67.87
0000005	2014	4	14	67.84
0000005	2014	4	15	67.76
0000005	2014	4	16	67.82
0000005	2014	4	17	67.84
0000005	2014	4	18	67.62
0000005	2014	4	19	67.52
0000005	2014	4	20	67.57
0000005	2014	4	21	67.59
0000005	2014	4	22	67.58
0000005	2014	4	23	67.59
0000005	2014	4	24	67.61
0000005	2014	4	25	67.61
0000005	2014	4	26	67.62
0000005	2014	4	27	67.62
0000005	2014	4	28	67.6
0000005	2014	4	29	67.52
0000005	2014	4	30	67.37
0000005	2014	5	1	67.37
0000005	2014	5	2	67.38
0000005	2014	5	3	67.42
0000005	2014	5	4	67.46
0000005	2014	5	5	67.45
0000005	2014	5	6	67.46
0000005	2014	5	7	67.47
0000005	2014	5	8	67.49
0000005	2014	5	9	67.5
0000005	2014	5	10	67.48
0000005	2014	5	11	67.44
0000005	2014	5	12	67.47
0000005	2014	5	13	67.48
0000005	2014	5	14	67.46
0000005	2014	5	15	67.4
0000005	2014	5	16	67.43
0000005	2014	5	17	67.45
0000005	2014	5	18	67.48
0000005	2014	5	19	67.5
0000005	2014	5	20	67.52
0000005	2014	5	21	67.53
0000005	2014	5	22	67.54
0000005	2014	5	23	67.55
0000005	2014	5	24	67.57
0000005	2014	5	25	67.59
0000005	2014	5	26	67.62
0000005	2014	5	27	67.62
0000005	2014	5	28	67.62
0000005	2014	5	29	67.59
0000005	2014	5	30	67.58
0000005	2014	5	31	67.61
0000005	2014	6	1	67.65
0000005	2014	6	2	67.69
0000005	2014	6	3	67.7
0000005	2014	6	4	67.71
0000005	2014	6	5	67.73
0000005	2014	6	6	67.75
0000005	2014	6	7	67.75
0000005	2014	6	8	67.77
0000005	2014	6	9	67.78
0000005	2014	6	10	67.81
0000005	2014	6	11	67.82
0000005	2014	6	12	67.85
0000005	2014	6	13	67.89
0000005	2014	6	14	67.93
0000005	2014	6	15	67.98
0000005	2014	6	16	68.02
0000005	2014	6	17	68.04
0000005	2014	6	18	68.09
0000005	2014	6	19	68.13
0000005	2014	6	20	68.14
0000005	2014	6	21	68.14
0000005	2014	6	22	68.14
0000005	2014	6	23	68.15
0000005	2014	6	24	68.16
0000005	2014	6	25	68.13
0000005	2014	6	26	68.15
0000005	2014	6	27	68.18
0000005	2014	6	28	68.22
0000005	2014	6	29	68.25
0000005	2014	6	30	68.27
0000005	2014	7	1	68.31
0000005	2014	7	2	68.34
0000005	2014	7	3	68.37
0000005	2014	7	4	68.4
0000005	2014	7	5	68.43
0000005	2014	7	6	68.44
0000005	2014	7	7	68.47
0000005	2014	7	8	68.51
0000005	2014	7	9	68.52
0000005	2014	7	10	68.54
0000005	2014	7	11	68.56
0000005	2014	7	12	68.57
0000005	2014	7	13	68.55
0000005	2014	7	14	68.56
0000005	2014	7	15	68.54
0000005	2014	7	16	68.51
0000005	2014	7	17	68.56
0000005	2014	7	18	68.6
0000005	2014	7	19	68.57
0000005	2014	7	20	68.55
0000005	2014	7	21	68.58
0000005	2014	7	22	68.63
0000005	2014	7	23	68.65
0000005	2014	7	24	68.67
0000005	2014	7	25	68.68
0000005	2014	7	26	68.71
0000005	2014	7	27	68.74
0000005	2014	7	28	68.76
0000005	2014	7	29	68.77
0000005	2014	7	30	68.81
0000005	2014	7	31	68.84
0000005	2014	8	1	68.88
0000005	2014	8	2	68.91
0000005	2014	8	3	68.93
0000005	2014	8	4	68.95
0000005	2014	8	5	68.99
0000005	2014	8	6	69.03
0000005	2014	8	7	69.06
0000005	2014	8	8	69.11
0000005	2014	8	9	69.15
0000005	2014	8	10	69.17
0000005	2014	8	11	69.19
0000005	2014	8	12	69.22
0000005	2014	8	13	69.25
0000005	2014	8	14	69.3
0000005	2014	8	15	69.35
0000005	2014	8	16	69.4
0000005	2014	8	17	69.32
0000005	2014	8	18	69.32
0000005	2014	8	19	69.38
0000005	2014	8	20	69.46
0000005	2014	8	21	69.53
0000005	2014	8	22	69.58
0000005	2014	8	23	69.63
0000005	2014	8	24	69.68
0000005	2014	8	25	69.76
0000005	2014	8	26	69.84
0000005	2014	8	27	69.9
0000005	2014	8	28	69.96
0000005	2014	8	29	70.03
0000005	2014	8	30	70.1
0000005	2014	8	31	70.17
0000005	2014	9	1	70.23
0000005	2014	9	2	70.3
0000005	2014	9	3	70.35
0000005	2014	9	4	70.4
0000005	2014	9	5	70.44
0000005	2014	9	6	70.44
0000005	2014	9	7	70.45
0000005	2014	9	8	70.49
0000005	2014	9	9	70.53
0000005	2014	9	10	70.57
0000005	2014	9	11	70.61
0000005	2014	9	12	70.65
0000005	2014	9	13	70.7
0000005	2014	9	14	70.74
0000005	2014	9	15	70.79
0000005	2014	9	16	70.81
0000005	2014	9	17	70.83
0000005	2014	9	18	70.86
0000005	2014	9	19	70.9
0000005	2014	9	20	70.94
0000005	2014	9	21	70.97
0000005	2014	9	22	71.01
0000005	2014	9	23	71.06
0000005	2014	9	24	71.11
0000005	2014	9	25	71.15
0000005	2014	9	26	71.16
0000005	2014	9	27	71.2
0000005	2014	9	28	71.22
0000005	2014	9	29	71.22
0000005	2014	9	30	71.25
0000005	2014	10	1	71.29
0000005	2014	10	2	71.33
0000005	2014	10	3	71.33
0000005	2014	10	4	71.36
0000005	2014	10	5	71.39
0000005	2014	10	6	71.42
0000005	2014	10	7	71.46
0000005	2014	10	8	71.5
0000005	2014	10	9	71.53
0000005	2014	10	10	71.56
0000005	2014	10	11	71.6
0000005	2014	10	12	71.63
0000005	2014	10	13	71.66
0000005	2014	10	14	71.46
0000005	2014	10	15	71.48
0000005	2014	10	16	71.53
0000005	2014	10	17	71.57
0000005	2014	10	18	71.6
0000005	2014	10	19	71.65
0000005	2014	10	20	71.66
0000005	2014	10	21	71.67
0000005	2014	10	22	71.7
0000005	2014	10	23	71.71
0000005	2014	10	24	71.72
0000005	2014	10	25	71.74
0000005	2014	10	26	71.74
0000005	2014	10	27	71.76
0000005	2014	10	28	71.77
0000005	2014	10	29	71.76
0000005	2014	10	30	71.75
0000005	2014	10	31	71.75
0000005	2014	11	1	71.8
0000005	2014	11	2	71.82
0000005	2014	11	3	71.84
0000005	2014	11	4	71.81
0000005	2014	11	5	71.78
0000005	2014	11	6	71.74
0000005	2014	11	7	71.71
0000005	2014	11	8	71.68
0000005	2014	11	9	71.67
0000005	2014	11	10	71.66
0000005	2014	11	11	71.64
0000005	2014	11	12	71.64
0000005	2014	11	13	71.64
0000005	2014	11	14	71.64
0000005	2014	11	15	71.63
0000005	2014	11	16	71.58
0000005	2014	11	17	71.49
0000005	2014	11	18	71.54
0000005	2014	11	19	71.53
0000005	2014	11	20	71.5
0000005	2014	11	21	71.51
0000005	2014	11	22	71.48
0000005	2014	11	23	71.34
0000005	2014	11	24	71.3
0000005	2014	11	25	71.33
0000005	2014	11	26	71.33
0000005	2014	11	27	71.35
0000005	2014	11	28	71.34
0000005	2014	11	29	71.31
0000005	2014	11	30	71.3
0000005	2014	12	1	71.3
0000005	2014	12	2	71.27
0000005	2014	12	3	71.25
0000005	2014	12	4	71.25
0000005	2014	12	5	71.24
0000005	2014	12	6	71.22
0000005	2014	12	7	71.21
0000005	2014	12	8	71.21
0000005	2014	12	9	71.19
0000005	2014	12	10	71.19
0000005	2014	12	11	71.19
0000005	2014	12	12	71.2
0000005	2014	12	13	71.18
0000005	2014	12	14	71.16
0000005	2014	12	15	71.15
0000005	2014	12	16	71.14
0000005	2014	12	17	71.14
0000005	2014	12	18	71.14
0000005	2014	12	19	71.14
0000005	2014	12	20	71.12
0000005	2014	12	21	71.1
0000005	2014	12	22	71.05
0000005	2014	12	23	70.98
0000005	2014	12	24	70.73
0000005	2014	12	25	70.8
0000005	2014	12	26	70.83
0000005	2014	12	27	70.83
0000005	2014	12	28	70.8
0000005	2014	12	29	70.79
0000005	2014	12	30	70.82
0000005	2014	12	31	70.83
0000005	2015	1	1	70.81
0000005	2015	1	2	70.79
0000005	2015	1	3	70.76
0000005	2015	1	4	70.69
0000005	2015	1	5	70.71
0000005	2015	1	6	70.69
0000005	2015	1	7	70.69
0000005	2015	1	8	70.72
0000005	2015	1	9	70.7
0000005	2015	1	10	70.71
0000005	2015	1	11	70.7
0000005	2015	1	12	70.68
0000005	2015	1	13	70.69
0000005	2015	1	14	70.7
0000005	2015	1	15	70.68
0000005	2015	1	16	70.67
0000005	2015	1	17	70.68
0000005	2015	1	18	70.67
0000005	2015	1	19	70.67
0000005	2015	1	20	70.63
0000005	2015	1	21	70.63
0000005	2015	1	22	70.65
0000005	2015	1	23	70.5
0000005	2015	1	24	70.5
0000005	2015	1	25	70.51
0000005	2015	1	26	70.52
0000005	2015	1	27	70.54
0000005	2015	1	28	70.58
0000005	2015	1	29	70.58
0000005	2015	1	30	70.59
0000005	2015	1	31	70.59
0000005	2015	2	1	70.53
0000005	2015	2	2	70.51
0000005	2015	2	3	70.55
0000005	2015	2	4	70.51
0000005	2015	2	5	70.48
0000005	2015	2	6	70.51
0000005	2015	2	7	70.5
0000005	2015	2	8	70.47
0000005	2015	2	9	70.43
0000005	2015	2	10	70.44
0000005	2015	2	11	70.46
0000005	2015	2	12	70.47
0000005	2015	2	13	70.49
0000005	2015	2	14	70.46
0000005	2015	2	15	70.46
0000005	2015	2	16	70.41
0000005	2015	2	17	70.37
0000005	2015	2	18	70.4
0000005	2015	2	19	70.44
0000005	2015	2	20	70.43
0000005	2015	2	21	70.4
0000005	2015	2	22	70.39
0000005	2015	2	23	70.39
0000005	2015	2	24	70.36
0000005	2015	2	25	70.26
0000005	2015	2	26	70.21
0000005	2015	2	27	70.27
0000005	2015	2	28	70.3
0000005	2015	3	1	70.29
0000005	2015	3	2	70.27
0000005	2015	3	3	70.24
0000005	2015	3	4	70.21
0000005	2015	3	5	70.21
0000005	2015	3	6	70.25
0000005	2015	3	7	70.25
0000005	2015	3	8	70.22
0000005	2015	3	9	70.2
0000005	2015	3	10	70.18
0000005	2015	3	11	70.17
0000005	2015	3	12	70.12
0000005	2015	3	13	70.1
0000005	2015	3	14	70.08
0000005	2015	3	15	70.11
0000005	2015	3	16	70.11
0000005	2015	3	17	70.09
0000005	2015	3	18	70.09
0000005	2015	3	19	70.08
0000005	2015	3	20	70.07
0000005	2015	3	21	70.07
0000005	2015	3	22	70
0000005	2015	3	23	69.98
0000005	2015	3	24	70.01
0000005	2015	3	25	70.01
0000005	2015	3	26	69.98
0000005	2015	3	27	69.98
0000005	2015	3	28	70.03
0000005	2015	3	29	70.05
0000005	2015	3	30	70.02
0000005	2015	3	31	69.99
0000005	2015	4	1	69.99
0000005	2015	4	2	70
0000005	2015	4	3	69.99
0000005	2015	4	4	69.99
0000005	2015	4	5	69.99
0000005	2015	4	6	69.99
0000005	2015	4	7	69.99
0000005	2015	4	8	69.99
0000005	2015	4	9	69.99
0000005	2015	4	10	69.98
0000005	2015	4	11	69.96
0000005	2015	4	12	69.96
0000005	2015	4	13	69.85
0000005	2015	4	14	69.8
0000005	2015	4	15	69.78
0000005	2015	4	16	69.8
0000005	2015	4	17	69.76
0000005	2015	4	18	69.67
0000005	2015	4	19	69.58
0000005	2015	4	20	69.55
0000005	2015	4	21	69.6
0000005	2015	4	22	69.62
0000005	2015	4	23	69.63
0000005	2015	4	24	69.66
0000005	2015	4	25	69.59
0000005	2015	4	26	69.56
0000005	2015	4	27	69.59
0000005	2015	4	28	69.59
0000005	2015	4	29	69.54
0000005	2015	4	30	69.57
0000005	2015	5	1	69.6
0000005	2015	5	2	69.63
0000005	2015	5	3	69.66
0000005	2015	5	4	69.68
0000005	2015	5	5	69.68
0000005	2015	5	6	69.66
0000005	2015	5	7	69.66
0000005	2015	5	8	69.65
0000005	2015	5	9	69.66
0000005	2015	5	10	69.67
0000005	2015	5	11	69.68
0000005	2015	5	12	69.68
0000005	2015	5	13	69.69
0000005	2015	5	14	69.69
0000005	2015	5	15	69.67
0000005	2015	5	16	69.62
0000005	2015	5	17	69.61
0000005	2015	5	18	69.61
0000005	2015	5	19	69.59
0000005	2015	5	20	69.56
0000005	2015	5	21	69.58
0000005	2015	5	22	69.62
0000005	2015	5	23	69.64
0000005	2015	5	24	69.61
0000005	2015	5	25	69.54
0000005	2015	5	26	69.5
0000005	2015	5	27	69.48
0000005	2015	5	28	69.48
0000005	2015	5	29	69.47
0000005	2015	5	30	69.49
0000005	2015	5	31	69.48
0000005	2015	6	1	69.47
0000005	2015	6	2	69.45
0000005	2015	6	3	69.46
0000005	2015	6	4	69.49
0000005	2015	6	5	69.49
0000005	2015	6	6	69.5
0000005	2015	6	7	69.53
0000005	2015	6	8	69.54
0000005	2015	6	9	69.54
0000005	2015	6	10	69.54
0000005	2015	6	11	69.56
0000005	2015	6	12	69.6
0000005	2015	6	13	69.62
0000005	2015	6	14	69.63
0000005	2015	6	15	69.65
0000005	2015	6	16	69.68
0000005	2015	6	17	69.69
0000005	2015	6	18	69.72
0000005	2015	6	19	69.74
0000005	2015	6	20	69.76
0000005	2015	6	21	69.8
0000005	2015	6	22	69.82
0000005	2015	6	23	69.83
0000005	2015	6	24	69.74
0000005	2015	6	25	69.75
0000005	2015	6	26	69.76
0000005	2015	6	27	69.76
0000005	2015	6	28	69.76
0000005	2015	6	29	69.78
0000005	2015	6	30	69.8
0000005	2015	7	1	69.82
0000005	2015	7	2	69.8
0000005	2015	7	3	69.78
0000005	2015	7	4	69.8
0000005	2015	7	5	69.75
0000005	2015	7	6	69.75
0000005	2015	7	7	69.78
0000005	2015	7	8	69.81
0000005	2015	7	9	69.84
0000005	2015	7	10	69.86
0000005	2015	7	11	69.88
0000005	2015	7	12	69.88
0000005	2015	7	13	69.86
0000005	2015	7	14	69.86
0000005	2015	7	15	69.88
0000005	2015	7	16	69.89
0000005	2015	7	17	69.92
0000005	2015	7	18	69.95
0000005	2015	7	19	69.95
0000005	2015	7	20	69.93
0000005	2015	7	21	69.92
0000005	2015	7	22	69.9
0000005	2015	7	23	69.92
0000005	2015	7	24	69.94
0000005	2015	7	25	69.96
0000005	2015	7	26	69.98
0000005	2015	7	27	70
0000005	2015	7	28	70.02
0000005	2015	7	29	70.05
0000005	2015	7	30	70.06
0000005	2015	7	31	70.06
0000005	2015	8	1	70.05
0000005	2015	8	2	70.05
0000005	2015	8	3	70.08
0000005	2015	8	4	70.13
0000005	2015	8	5	70.16
0000005	2015	8	6	70.13
0000005	2015	8	7	70.11
0000005	2015	8	8	70.09
0000005	2015	8	9	70.07
0000005	2015	8	10	70.11
0000005	2015	8	11	70.15
0000005	2015	8	12	70.18
0000005	2015	8	13	70.21
0000005	2015	8	14	70.25
0000005	2015	8	15	70.28
0000005	2015	8	16	70.29
0000005	2015	8	17	70.28
0000005	2015	8	18	70.28
0000005	2015	8	19	70.29
0000005	2015	8	20	70.31
0000005	2015	8	21	70.33
0000005	2015	8	22	70.34
0000005	2015	8	23	70.37
0000005	2015	8	24	70.39
0000005	2015	8	25	70.42
0000005	2015	8	26	70.45
0000005	2015	8	27	70.48
0000005	2015	8	28	70.53
0000005	2015	8	29	70.57
0000005	2015	8	30	70.58
0000005	2015	8	31	70.62
0000005	2015	9	1	70.64
0000005	2015	9	2	70.68
0000005	2015	9	3	70.68
0000005	2015	9	4	70.7
0000005	2015	9	5	70.72
0000005	2015	9	6	70.68
0000005	2015	9	7	70.68
0000005	2015	9	8	70.71
0000005	2015	9	9	70.74
0000005	2015	9	10	70.75
0000005	2015	9	11	70.77
0000005	2015	9	12	70.68
0000005	2015	9	13	70.71
0000005	2015	9	14	70.76
0000005	2015	9	15	70.81
0000005	2015	9	16	70.83
0000005	2015	9	17	70.83
0000005	2015	9	18	70.83
0000005	2015	9	19	70.86
0000005	2015	9	20	70.92
0000005	2015	9	21	70.95
0000005	2015	9	22	70.95
0000005	2015	9	23	70.97
0000005	2015	9	24	70.99
0000005	2015	9	25	71.03
0000005	2015	9	26	71.05
0000005	2015	9	27	71.04
0000005	2015	9	28	70.94
0000005	2015	9	29	70.75
0000005	2015	9	30	70.75
0000005	2015	10	1	70.78
0000005	2015	10	2	70.77
0000005	2015	10	3	70.76
0000005	2015	10	4	70.79
0000005	2015	10	5	70.82
0000005	2015	10	6	70.83
0000005	2015	10	7	70.85
0000005	2015	10	8	70.86
0000005	2015	10	9	70.86
0000005	2015	10	10	70.86
0000005	2015	10	11	70.85
0000005	2015	10	12	70.85
0000005	2015	10	13	70.85
0000005	2015	10	14	70.87
0000005	2015	10	15	70.89
0000005	2015	10	16	70.9
0000005	2015	10	17	70.92
0000005	2015	10	18	70.94
0000005	2015	10	19	70.95
0000005	2015	10	20	70.95
0000005	2015	10	21	70.96
0000005	2015	10	22	70.96
0000005	2015	10	23	70.95
0000005	2015	10	24	70.96
0000005	2015	10	25	70.95
0000005	2015	10	26	70.92
0000005	2015	10	27	70.84
0000005	2015	10	28	70.82
0000005	2015	10	29	70.84
0000005	2015	10	30	70.87
0000005	2015	10	31	70.86
0000005	2015	11	1	70.66
0000005	2015	11	2	70.49
0000005	2015	11	3	70.5
0000005	2015	11	4	70.53
0000005	2015	11	5	70.55
0000005	2015	11	6	70.52
0000005	2015	11	7	70.52
0000005	2015	11	8	70.44
0000005	2015	11	9	70.39
0000005	2015	11	10	70.4
0000005	2015	11	11	70.4
0000005	2015	11	12	70.4
0000005	2015	11	13	70.44
0000005	2015	11	14	70.47
0000005	2015	11	15	70.47
0000005	2015	11	16	70.44
0000005	2015	11	17	70.41
0000005	2015	11	18	70.35
0000005	2015	11	19	70.29
0000005	2015	11	20	70.29
0000005	2015	11	21	70.27
0000005	2015	11	22	70.29
0000005	2015	11	23	70.32
0000005	2015	11	24	70.32
0000005	2015	11	25	70.32
0000005	2015	11	26	70.32
0000005	2015	11	27	70.29
0000005	2015	11	28	70.26
0000005	2015	11	29	70.24
0000005	2015	11	30	70.21
0000005	2015	12	1	70.18
0000005	2015	12	2	70.14
0000005	2015	12	3	70.16
0000005	2015	12	4	70.18
0000005	2015	12	5	70.19
0000005	2015	12	6	70.17
0000005	2015	12	7	70.11
0000005	2015	12	8	70.09
0000005	2015	12	9	70.06
0000005	2015	12	10	70.04
0000005	2015	12	11	70.04
0000005	2015	12	12	70.04
0000005	2015	12	13	69.99
0000005	2015	12	14	69.93
0000005	2015	12	15	69.93
0000005	2015	12	16	69.89
0000005	2015	12	17	69.8
0000005	2015	12	18	69.86
0000005	2015	12	19	69.91
0000005	2015	12	20	69.89
0000005	2015	12	21	69.83
0000005	2015	12	22	69.7
0000005	2015	12	23	69.57
0000005	2015	12	24	69.51
0000005	2015	12	25	69.54
0000005	2015	12	26	69.54
0000005	2015	12	27	69.52
0000005	2015	12	28	69.46
0000005	2015	12	29	69.45
0000005	2015	12	30	69.4
0000005	2015	12	31	69.32
0000005	2016	1	1	69.31
0000005	2016	1	2	69.32
0000005	2016	1	3	69.3
0000005	2016	1	4	69.32
0000005	2016	1	5	69.36
0000005	2016	1	6	69.33
0000005	2016	1	7	69.28
0000005	2016	1	8	69.24
0000005	2016	1	9	69.2
0000005	2016	1	10	69.22
0000005	2016	1	11	69.33
0000005	2016	1	12	69.41
0000005	2016	1	13	69.48
0000005	2016	1	14	69.5
0000005	2016	1	15	69.42
0000005	2016	1	16	69.46
0000005	2016	1	17	69.51
0000005	2016	1	18	69.59
0000005	2016	1	19	69.63
0000005	2016	1	20	69.6
0000005	2016	1	21	69.54
0000005	2016	1	22	69.43
0000005	2016	1	23	69.48
0000005	2016	1	24	69.53
0000005	2016	1	25	69.54
0000005	2016	1	26	69.53
0000005	2016	1	27	69.5
0000005	2016	1	28	69.48
0000005	2016	1	29	69.5
0000005	2016	1	30	69.51
0000005	2016	1	31	69.49
0000005	2016	2	1	69.48
0000005	2016	2	2	69.47
0000005	2016	2	3	69.4
0000005	2016	2	4	69.37
0000005	2016	2	5	69.41
0000005	2016	2	6	69.39
0000005	2016	2	7	69.3
0000005	2016	2	8	69.16
0000005	2016	2	9	69.09
0000005	2016	2	10	69.07
0000005	2016	2	11	69.01
0000005	2016	2	12	68.96
0000005	2016	2	13	68.97
0000005	2016	2	14	68.92
0000005	2016	2	15	68.83
0000005	2016	2	16	68.76
0000005	2016	2	17	68.78
0000005	2016	2	18	68.8
0000005	2016	2	19	68.78
0000005	2016	2	20	68.74
0000005	2016	2	21	68.69
0000005	2016	2	22	68.63
0000005	2016	2	23	68.55
0000005	2016	2	24	68.41
0000005	2016	2	25	68.45
0000005	2016	2	26	68.48
0000005	2016	2	27	68.47
0000005	2016	2	28	68.44
0000005	2016	2	29	68.42
0000005	2016	3	1	68.39
0000005	2016	3	2	68.39
0000005	2016	3	3	68.33
0000005	2016	3	4	68.32
0000005	2016	3	5	68.32
0000005	2016	3	6	68.32
0000005	2016	3	7	68.31
0000005	2016	3	8	68.29
0000005	2016	3	9	68.26
0000005	2016	3	10	68.25
0000005	2016	3	11	68.24
0000005	2016	3	12	68.2
0000005	2016	3	13	68.17
0000005	2016	3	14	68.16
0000005	2016	3	15	68.16
0000005	2016	3	16	68.15
0000005	2016	3	17	68.13
0000005	2016	3	18	68.07
0000005	2016	3	19	68.04
0000005	2016	3	20	68.06
0000005	2016	3	21	68.1
0000005	2016	3	22	68.09
0000005	2016	3	23	68.06
0000005	2016	3	24	67.95
0000005	2016	3	25	67.88
0000005	2016	3	26	67.87
0000005	2016	3	27	67.83
0000005	2016	3	28	67.81
0000005	2016	3	29	67.83
0000005	2016	3	30	67.84
0000005	2016	3	31	67.75
0000005	2016	4	1	67.53
0000005	2016	4	2	67.46
0000005	2016	4	3	67.55
0000005	2016	4	4	67.6
0000005	2016	4	5	67.64
0000005	2016	4	6	67.64
0000005	2016	4	7	67.63
0000005	2016	4	8	67.66
0000005	2016	4	9	67.69
0000005	2016	4	10	67.71
0000005	2016	4	11	67.7
0000005	2016	4	12	67.66
0000005	2016	4	13	67.65
0000005	2016	4	14	67.62
0000005	2016	4	15	67.62
0000005	2016	4	16	67.64
0000005	2016	4	17	67.67
0000005	2016	4	18	67.68
0000005	2016	4	19	67.67
0000005	2016	4	20	67.65
0000005	2016	4	21	67.65
0000005	2016	4	22	67.62
0000005	2016	4	23	67.61
0000005	2016	4	24	67.62
0000005	2016	4	25	67.62
0000005	2016	4	26	67.63
0000005	2016	4	27	67.62
0000005	2016	4	28	67.63
0000005	2016	4	29	67.61
0000005	2016	4	30	67.61
0000005	2016	5	1	67.6
0000005	2016	5	2	67.56
0000005	2016	5	3	67.55
0000005	2016	5	4	67.54
0000005	2016	5	5	67.56
0000005	2016	5	6	67.6
0000005	2016	5	7	67.62
0000005	2016	5	8	67.63
0000005	2016	5	9	67.66
0000005	2016	5	10	67.68
0000005	2016	5	11	67.69
0000005	2016	5	12	67.7
0000005	2016	5	13	67.7
0000005	2016	5	14	67.72
0000005	2016	5	15	67.75
0000005	2016	5	16	67.77
0000005	2016	5	17	67.73
0000005	2016	5	18	67.66
0000005	2016	5	19	67.64
0000005	2016	5	20	67.63
0000005	2016	5	21	67.64
0000005	2016	5	22	67.65
0000005	2016	5	23	67.69
0000005	2016	5	24	67.74
0000005	2016	5	25	67.77
0000005	2016	5	26	67.79
0000005	2016	5	27	67.82
0000005	2016	5	28	67.85
0000005	2016	5	29	67.85
0000005	2016	5	30	67.84
0000005	2016	5	31	67.88
0000005	2016	6	1	67.91
0000005	2016	6	2	67.95
0000005	2016	6	3	67.98
0000005	2016	6	4	67.96
0000005	2016	6	5	67.9
0000005	2016	6	6	67.88
0000005	2016	6	7	67.91
0000005	2016	6	8	67.97
0000005	2016	6	9	68.02
0000005	2016	6	10	68.06
0000005	2016	6	11	68.1
0000005	2016	6	12	68.12
0000005	2016	6	13	68.12
0000005	2016	6	14	68.12
0000005	2016	6	15	68.11
0000005	2016	6	16	68.09
0000005	2016	6	17	68.09
0000005	2016	6	18	68.13
0000005	2016	6	19	68.19
0000005	2016	6	20	68.21
0000005	2016	6	21	68.21
0000005	2016	6	22	68.23
0000005	2016	6	23	68.24
0000005	2016	6	24	68.25
0000005	2016	6	25	68.26
0000005	2016	6	26	68.27
0000005	2016	6	27	68.29
0000005	2016	6	28	68.3
0000005	2016	6	29	68.32
0000005	2016	6	30	68.34
0000005	2016	7	1	68.37
0000005	2016	7	2	68.4
0000005	2016	7	3	68.44
0000005	2016	7	4	68.47
0000005	2016	7	5	68.51
0000005	2016	7	6	68.54
0000005	2016	7	7	68.57
0000005	2016	7	8	68.6
0000005	2016	7	9	68.63
0000005	2016	7	10	68.61
0000005	2016	7	11	68.64
0000005	2016	7	12	68.67
0000005	2016	7	13	68.69
0000005	2016	7	14	68.71
0000005	2016	7	15	68.73
0000005	2016	7	16	68.77
0000005	2016	7	17	68.81
0000005	2016	7	18	68.84
0000005	2016	7	19	68.89
0000005	2016	7	20	68.93
0000005	2016	7	21	68.94
0000005	2016	7	22	68.95
0000005	2016	7	23	68.97
0000005	2016	7	24	69.01
0000005	2016	7	25	69.04
0000005	2016	7	26	69.07
0000005	2016	7	27	69.09
0000005	2016	7	28	69.11
0000005	2016	7	29	69.12
0000005	2016	7	30	69.13
0000005	2016	7	31	69.15
0000005	2016	8	1	69.17
0000005	2016	8	2	69.1
0000005	2016	8	3	69.05
0000005	2016	8	4	69.07
0000005	2016	8	5	69.08
0000005	2016	8	6	69.09
0000005	2016	8	7	69.1
0000005	2016	8	8	69.12
0000005	2016	8	9	69.13
0000005	2016	8	10	69.14
0000005	2016	8	11	69.11
0000005	2016	8	12	69.09
0000005	2016	8	13	69.1
0000005	2016	8	14	69.14
0000005	2016	8	15	69.14
0000005	2016	8	16	69.13
0000005	2016	8	17	69.14
0000005	2016	8	18	69.13
0000005	2016	8	19	69.14
0000005	2016	8	20	69.15
0000005	2016	8	21	69.17
0000005	2016	8	22	69.21
0000005	2016	8	23	69.25
0000005	2016	8	24	69.28
0000005	2016	8	25	69.32
0000005	2016	8	26	69.37
0000005	2016	8	27	69.42
0000005	2016	8	28	69.47
0000005	2016	8	29	69.53
0000005	2016	8	30	69.58
0000005	2016	8	31	69.62
0000005	2016	9	1	69.65
0000005	2016	9	2	69.7
0000005	2016	9	3	69.77
0000005	2016	9	4	69.81
0000005	2016	9	5	69.81
0000005	2016	9	6	69.85
0000005	2016	9	7	69.89
0000005	2016	9	8	69.92
0000005	2016	9	9	69.95
0000005	2016	9	10	69.99
0000005	2016	9	11	70.02
0000005	2016	9	12	70.02
0000005	2016	9	13	70.01
0000005	2016	9	14	70.04
0000005	2016	9	15	70.08
0000005	2016	9	16	70.13
0000005	2016	9	17	70.16
0000005	2016	9	18	70.13
0000005	2016	9	19	70.13
0000005	2016	9	20	70.16
0000005	2016	9	21	70.19
0000005	2016	9	22	70.22
0000005	2016	9	23	70.25
0000005	2016	9	24	70.26
0000005	2016	9	25	70.28
0000005	2016	9	26	70.26
0000005	2016	9	27	70.26
0000005	2016	9	28	70.29
0000005	2016	9	29	70.32
0000005	2016	9	30	70.35
0000005	2016	10	1	70.37
0000005	2016	10	2	70.38
0000005	2016	10	3	70.38
0000005	2016	10	4	70.41
0000005	2016	10	5	70.44
0000005	2016	10	6	70.46
0000005	2016	10	7	70.46
0000005	2016	10	8	70.49
0000005	2016	10	9	70.52
0000005	2016	10	10	70.56
0000005	2016	10	11	70.58
0000005	2016	10	12	70.59
0000005	2016	10	13	70.6
0000005	2016	10	14	70.62
0000005	2016	10	15	70.65
0000005	2016	10	16	70.68
0000005	2016	10	17	70.68
0000005	2016	10	18	70.7
0000005	2016	10	19	70.73
0000005	2016	10	20	70.73
0000005	2016	10	21	70.73
0000005	2016	10	22	70.79
0000005	2016	10	23	70.84
0000005	2016	10	24	70.85
0000005	2016	10	25	70.87
0000005	2016	10	26	70.91
0000005	2016	10	27	70.93
0000005	2016	10	28	70.95
0000005	2016	10	29	71
0000005	2016	10	30	71.04
0000005	2016	10	31	71.07
0000005	2016	11	1	71.12
0000005	2016	11	2	71.15
0000005	2016	11	3	71.18
0000005	2016	11	4	71.2
0000005	2016	11	5	71.25
0000005	2016	11	6	71.29
0000005	2016	11	7	71.32
0000005	2016	11	8	71.35
0000005	2016	11	9	71.35
0000005	2016	11	10	71.4
0000005	2016	11	11	71.42
0000005	2016	11	12	71.45
0000005	2016	11	13	71.48
0000005	2016	11	14	71.49
0000005	2016	11	15	71.5
0000005	2016	11	16	71.53
0000005	2016	11	17	71.57
0000005	2016	11	18	71.61
0000005	2016	11	19	71.65
0000005	2016	11	20	71.67
0000005	2016	11	21	71.67
0000005	2016	11	22	71.7
0000005	2016	11	23	71.71
0000005	2016	11	24	71.74
0000005	2016	11	25	71.77
0000005	2016	11	26	71.78
0000005	2016	11	27	71.78
0000005	2016	11	28	71.75
0000005	2016	11	29	71.76
0000005	2016	11	30	71.75
0000005	2016	12	1	71.76
0000005	2016	12	2	71.81
0000005	2016	12	3	71.82
0000005	2016	12	4	71.73
0000005	2016	12	5	71.5
0000005	2016	12	6	71.35
0000005	2016	12	7	71.43
0000005	2016	12	8	71.49
0000005	2016	12	9	71.53
0000005	2016	12	10	71.53
0000005	2016	12	11	71.48
0000005	2016	12	12	71.44
0000005	2016	12	13	71.4
0000005	2016	12	14	71.34
0000005	2016	12	15	71.37
0000005	2016	12	16	71.38
0000005	2016	12	17	71.35
0000005	2016	12	18	71.37
0000005	2016	12	19	71.34
0000005	2016	12	20	71.33
0000005	2016	12	21	71.32
0000005	2016	12	22	71.32
0000005	2016	12	23	71.33
0000005	2016	12	24	71.33
0000005	2016	12	25	71.33
0000005	2016	12	26	71.34
0000005	2016	12	27	71.33
0000005	2016	12	28	71.3
0000005	2016	12	29	71.3
0000005	2016	12	30	71.34
0000005	2016	12	31	71.31
0000005	2017	1	1	71.16
0000005	2017	1	2	71.07
0000005	2017	1	3	70.96
0000005	2017	1	4	70.97
0000005	2017	1	5	71
0000005	2017	1	6	71
0000005	2017	1	7	71.03
0000005	2017	1	8	71.09
0000005	2017	1	9	71.09
0000005	2017	1	10	71.06
0000005	2017	1	11	71.05
0000005	2017	1	12	71.06
0000005	2017	1	13	71.09
0000005	2017	1	14	71.08
0000005	2017	1	15	71.06
0000005	2017	1	16	71.05
0000005	2017	1	17	71.05
0000005	2017	1	18	71.03
0000005	2017	1	19	71
0000005	2017	1	20	70.93
0000005	2017	1	21	70.87
0000005	2017	1	22	70.71
0000005	2017	1	23	70.71
0000005	2017	1	24	70.77
0000005	2017	1	25	70.78
0000005	2017	1	26	70.79
0000005	2017	1	27	70.82
0000005	2017	1	28	70.81
0000005	2017	1	29	70.79
0000005	2017	1	30	70.79
0000005	2017	1	31	70.78
0000005	2017	2	1	70.77
0000005	2017	2	2	70.76
0000005	2017	2	3	70.76
0000005	2017	2	4	70.75
0000005	2017	2	5	70.71
0000005	2017	2	6	70.68
0000005	2017	2	7	70.6
0000005	2017	2	8	70.5
0000005	2017	2	9	70.55
0000005	2017	2	10	70.57
0000005	2017	2	11	70.54
0000005	2017	2	12	70.51
0000005	2017	2	13	70.49
0000005	2017	2	14	70.43
0000005	2017	2	15	70.38
0000005	2017	2	16	70.41
0000005	2017	2	17	70.39
0000005	2017	2	18	70.34
0000005	2017	2	19	70.34
0000005	2017	2	20	70.33
0000005	2017	2	21	70.25
0000005	2017	2	22	70.11
0000005	2017	2	23	70.09
0000005	2017	2	24	70.1
0000005	2017	2	25	70.11
0000005	2017	2	26	70.14
0000005	2017	2	27	70.13
0000005	2017	2	28	70.1
0000005	2017	3	1	70.06
0000005	2017	3	2	70.06
0000005	2017	3	3	70.1
0000005	2017	3	4	70.09
0000005	2017	3	5	70.06
0000005	2017	3	6	70.04
0000005	2017	3	7	70.02
0000005	2017	3	8	69.99
0000005	2017	3	9	69.97
0000005	2017	3	10	69.94
0000005	2017	3	11	69.94
0000005	2017	3	12	69.93
0000005	2017	3	13	69.88
0000005	2017	3	14	69.88
0000005	2017	3	15	69.92
0000005	2017	3	16	69.92
0000005	2017	3	17	69.91
0000005	2017	3	18	69.89
0000005	2017	3	19	69.88
0000005	2017	3	20	69.87
0000005	2017	3	21	69.64
0000005	2017	3	22	69.34
0000005	2017	3	23	69.36
0000005	2017	3	24	69.36
0000005	2017	3	25	69.32
0000005	2017	3	26	69.27
0000005	2017	3	27	69.26
0000005	2017	3	28	69.25
0000005	2017	3	29	69.25
0000005	2017	3	30	69.22
0000005	2017	3	31	69.18
0000005	2017	4	1	69.21
0000005	2017	4	2	69.2
0000005	2017	4	3	69.12
0000005	2017	4	4	69.1
0000005	2017	4	5	69.03
0000005	2017	4	6	69.04
0000005	2017	4	7	69.06
0000005	2017	4	8	69.07
0000005	2017	4	9	69.07
0000005	2017	4	10	69.08
0000005	2017	4	11	69.08
0000005	2017	4	12	69.07
0000005	2017	4	13	69.06
0000005	2017	4	14	69.05
0000005	2017	4	15	69.05
0000005	2017	4	16	69.04
0000005	2017	4	17	69.02
0000005	2017	4	18	69.02
0000005	2017	4	19	69.03
0000005	2017	4	20	69.01
0000005	2017	4	21	68.99
0000005	2017	4	22	68.99
0000005	2017	4	23	68.98
0000005	2017	4	24	68.99
0000005	2017	4	25	69
0000005	2017	4	26	68.99
0000005	2017	4	27	69
0000005	2017	4	28	69.04
0000005	2017	4	29	69.06
0000005	2017	4	30	69.07
0000005	2017	5	1	69.05
0000005	2017	5	2	69.09
0000005	2017	5	3	69.09
0000005	2017	5	4	69.02
0000005	2017	5	5	68.99
0000005	2017	5	6	69.03
0000005	2017	5	7	69.06
0000005	2017	5	8	69.1
0000005	2017	5	9	69.11
0000005	2017	5	10	69.14
0000005	2017	5	11	69.14
0000005	2017	5	12	69.12
0000005	2017	5	13	69.08
0000005	2017	5	14	69.13
0000005	2017	5	15	69.18
0000005	2017	5	16	69.21
0000005	2017	5	17	69.23
0000005	2017	5	18	69.25
0000005	2017	5	19	69.27
0000005	2017	5	20	69.28
0000005	2017	5	21	69.21
0000005	2017	5	22	69.2
0000005	2017	5	23	69.15
0000005	2017	5	24	69.12
0000005	2017	5	25	69.18
0000005	2017	5	26	69.26
0000005	2017	5	27	69.28
0000005	2017	5	28	69.29
0000005	2017	5	29	69.31
0000005	2017	5	30	69.34
0000005	2017	5	31	69.36
0000005	2017	6	1	69.36
0000005	2017	6	2	69.35
0000005	2017	6	3	69.32
0000005	2017	6	4	69.33
0000005	2017	6	5	69.31
0000005	2017	6	6	69.28
0000005	2017	6	7	69.19
0000005	2017	6	8	69.22
0000005	2017	6	9	69.26
0000005	2017	6	10	69.31
0000005	2017	6	11	69.35
0000005	2017	6	12	69.35
0000005	2017	6	13	69.31
0000005	2017	6	14	69.28
0000005	2017	6	15	69.27
0000005	2017	6	16	69.27
0000005	2017	6	17	69.29
0000005	2017	6	18	69.31
0000005	2017	6	19	69.32
0000005	2017	6	20	69.31
0000005	2017	6	21	69.2
0000005	2017	6	22	69.1
0000005	2017	6	23	69.1
0000005	2017	6	24	69.15
0000005	2017	6	25	69.19
0000005	2017	6	26	69.21
0000005	2017	6	27	69.39
0000005	2017	6	28	69.4
0000005	2017	6	29	69.49
0000005	2017	6	30	69.45
0000005	2017	7	1	69.41
0000005	2017	7	2	69.43
0000005	2017	7	3	69.44
0000005	2017	7	4	69.46
0000005	2017	7	5	69.48
0000005	2017	7	6	69.5
0000005	2017	7	7	69.51
0000005	2017	7	8	69.5
0000005	2017	7	9	69.51
0000005	2017	7	10	69.52
0000005	2017	7	11	69.52
0000005	2017	7	12	69.52
0000005	2017	7	13	69.54
0000005	2017	7	14	69.53
0000005	2017	7	15	69.51
0000005	2017	7	16	69.5
0000005	2017	7	17	69.49
0000005	2017	7	18	69.51
0000005	2017	7	19	69.52
0000005	2017	7	20	69.53
0000005	2017	7	21	69.54
0000005	2017	7	22	69.55
0000005	2017	7	23	69.55
0000005	2017	7	24	69.57
0000005	2017	7	25	69.59
0000005	2017	7	26	69.59
0000005	2017	7	27	69.58
0000005	2017	7	28	69.57
0000005	2017	7	29	69.55
0000005	2017	7	30	69.56
0000005	2017	7	31	69.6
0000005	2017	8	1	69.61
0000005	2017	8	2	69.63
0000005	2017	8	3	69.63
0000005	2017	8	4	69.62
0000005	2017	8	5	69.61
0000005	2017	8	6	69.62
0000005	2017	8	7	69.61
0000005	2017	8	8	69.59
0000005	2017	8	9	69.61
0000005	2017	8	10	69.62
0000005	2017	8	11	69.61
0000005	2017	8	12	69.61
0000005	2017	8	13	69.6
0000005	2017	8	14	69.56
0000005	2017	8	15	69.58
0000005	2017	8	16	69.59
0000005	2017	8	17	69.6
0000005	2017	8	18	69.61
0000005	2017	8	19	69.61
0000005	2017	8	20	69.64
0000005	2017	8	21	69.66
0000005	2017	8	22	69.65
0000005	2017	8	23	69.63
0000005	2017	8	24	69.62
0000005	2017	8	25	69.64
0000005	2017	8	26	69.66
0000005	2017	8	27	69.66
0000005	2017	8	28	69.66
0000005	2017	8	29	69.64
0000005	2017	8	30	69.6
0000005	2017	8	31	69.49
0000005	2017	9	1	69.44
0000005	2017	9	2	69.49
0000005	2017	9	3	69.52
0000005	2017	9	4	69.51
0000005	2017	9	5	69.53
0000005	2017	9	6	69.55
0000005	2017	9	7	69.58
0000005	2017	9	8	69.62
0000005	2017	9	9	69.65
0000005	2017	9	10	69.66
0000005	2017	9	11	69.53
0000005	2017	9	12	69.52
0000005	2017	9	13	69.57
0000005	2017	9	14	69.61
0000005	2017	9	15	69.65
0000005	2017	9	16	69.67
0000005	2017	9	17	69.68
0000005	2017	9	18	69.7
0000005	2017	9	19	69.73
0000005	2017	9	20	69.77
0000005	2017	9	21	69.8
0000005	2017	9	22	69.84
0000005	2017	9	23	69.87
0000005	2017	9	24	69.89
0000005	2017	9	25	69.91
0000005	2017	9	26	69.93
0000005	2017	9	27	69.95
0000005	2017	9	28	69.97
0000005	2017	9	29	70
0000005	2017	9	30	70.03
0000005	2017	10	1	70.06
0000005	2017	10	2	70.1
0000005	2017	10	3	70.13
0000005	2017	10	4	70.15
0000005	2017	10	5	70.15
0000005	2017	10	6	70.16
0000005	2017	10	7	70.16
0000005	2017	10	8	70.06
0000005	2017	10	9	70.04
0000005	2017	10	10	70.07
0000005	2017	10	11	70.07
0000005	2017	10	12	70.1
0000005	2017	10	13	70.13
0000005	2017	10	14	70.16
0000005	2017	10	15	70.17
0000005	2017	10	16	70.18
0000005	2017	10	17	70.21
0000005	2017	10	18	70.23
0000005	2017	10	19	70.24
0000005	2017	10	20	70.24
0000005	2017	10	21	70.25
0000005	2017	10	22	70.23
0000005	2017	10	23	70.09
0000005	2017	10	24	70.1
0000005	2017	10	25	70.13
0000005	2017	10	26	70.14
0000005	2017	10	27	70.15
0000005	2017	10	28	70.13
0000005	2017	10	29	70.15
0000005	2017	10	30	70.19
0000005	2017	10	31	70.23
0000005	2017	11	1	70.25
0000005	2017	11	2	70.27
0000005	2017	11	3	70.28
0000005	2017	11	4	70.28
0000005	2017	11	5	70.28
0000005	2017	11	6	70.28
0000005	2017	11	7	70.28
0000005	2017	11	8	70.26
0000005	2017	11	9	70.26
0000005	2017	11	10	70.26
0000005	2017	11	11	70.27
0000005	2017	11	12	70.28
0000005	2017	11	13	70.28
0000005	2017	11	14	70.26
0000005	2017	11	15	70.26
0000005	2017	11	16	70.26
0000005	2017	11	17	70.26
0000005	2017	11	18	70.23
0000005	2017	11	19	70.26
0000005	2017	11	20	70.28
0000005	2017	11	21	70.25
0000005	2017	11	22	70.26
0000005	2017	11	23	70.25
0000005	2017	11	24	70.26
0000005	2017	11	25	70.28
0000005	2017	11	26	70.3
0000005	2017	11	27	70.3
0000005	2017	11	28	70.32
0000005	2017	11	29	70.33
0000005	2017	11	30	70.31
0000005	2017	12	1	70.3
0000005	2017	12	2	70.3
0000005	2017	12	3	70.31
0000005	2017	12	4	70.32
0000005	2017	12	5	70.32
0000005	2017	12	6	70.32
0000005	2017	12	7	70.31
0000005	2017	12	8	70.21
0000005	2017	12	9	70.23
0000005	2017	12	10	70.29
0000005	2017	12	11	70.28
0000005	2017	12	12	70.27
0000005	2017	12	13	70.29
0000005	2017	12	14	70.28
0000005	2017	12	15	70.32
0000005	2017	12	16	70.35
0000005	2017	12	17	70.33
0000005	2017	12	18	70.33
0000005	2017	12	19	70.33
0000005	2017	12	20	70.29
0000005	2017	12	21	70.31
0000005	2017	12	22	70.32
0000005	2017	12	23	70.3
0000005	2017	12	24	70.31
0000005	2017	12	25	70.35
0000005	2017	12	26	70.35
0000005	2017	12	27	70.33
0000005	2017	12	28	70.32
0000005	2017	12	29	70.31
0000005	2017	12	30	70.28
0000005	2017	12	31	70.27
0000005	2018	1	1	70.3
0000005	2018	1	2	70.3
0000005	2018	1	3	70.26
0000005	2018	1	4	70.28
0000005	2018	1	5	70.32
0000005	2018	1	6	70.35
0000005	2018	1	7	70.35
0000005	2018	1	8	70.3
0000005	2018	1	9	70.29
0000005	2018	1	10	70.3
0000005	2018	1	11	70.28
0000005	2018	1	12	70.23
0000005	2018	1	13	70.32
0000005	2018	1	14	70.35
0000005	2018	1	15	70.33
0000005	2018	1	16	70.33
0000005	2018	1	17	70.34
0000005	2018	1	18	70.34
0000005	2018	1	19	70.32
0000005	2018	1	20	70.32
0000005	2018	1	21	70.32
0000005	2018	1	22	70.29
0000005	2018	1	23	70.32
0000005	2018	1	24	70.37
0000005	2018	1	25	70.42
0000005	2018	1	26	70.44
0000005	2018	1	27	70.42
0000005	2018	1	28	70.35
0000005	2018	1	29	70.35
0000005	2018	1	30	70.4
0000005	2018	1	31	70.4
0000005	2018	2	1	70.39
0000005	2018	2	2	70.42
0000005	2018	2	3	70.42
0000005	2018	2	4	70.33
0000005	2018	2	5	70.36
0000005	2018	2	6	70.38
0000005	2018	2	7	70.33
0000005	2018	2	8	70.31
0000005	2018	2	9	70.31
0000005	2018	2	10	70.28
0000005	2018	2	11	70.06
0000005	2018	2	12	69.99
0000005	2018	2	13	70.03
0000005	2018	2	14	70.06
0000005	2018	2	15	70.04
0000005	2018	2	16	70.04
0000005	2018	2	17	70.04
0000005	2018	2	18	70.05
0000005	2018	2	19	70.06
0000005	2018	2	20	70.07
0000005	2018	2	21	70.08
0000005	2018	2	22	70.09
0000005	2018	2	23	70.08
0000005	2018	2	24	70.06
0000005	2018	2	25	70.05
0000005	2018	2	26	70.03
0000005	2018	2	27	70.03
0000005	2018	2	28	70
0000005	2018	3	1	69.98
0000005	2018	3	2	70.01
0000005	2018	3	3	70.01
0000005	2018	3	4	70
0000005	2018	3	5	69.96
0000005	2018	3	6	69.9
0000005	2018	3	7	69.9
0000005	2018	3	8	69.91
0000005	2018	3	9	69.9
0000005	2018	3	10	69.87
0000005	2018	3	11	69.81
0000005	2018	3	12	69.81
0000005	2018	3	13	69.83
0000005	2018	3	14	69.83
0000005	2018	3	15	69.82
0000005	2018	3	16	69.81
0000005	2018	3	17	69.78
0000005	2018	3	18	69.73
0000005	2018	3	19	69.61
0000005	2018	3	20	69.6
0000005	2018	3	21	69.67
0000005	2018	3	22	69.71
0000005	2018	3	23	69.7
0000005	2018	3	24	69.66
0000005	2018	3	25	69.65
0000005	2018	3	26	69.69
0000005	2018	3	27	69.68
0000005	2018	3	28	69.65
0000005	2018	3	29	69.63
0000005	2018	3	30	69.63
0000005	2018	3	31	69.64
0000005	2018	4	1	69.62
0000005	2018	4	2	69.61
0000005	2018	4	3	69.61
0000005	2018	4	4	69.61
0000005	2018	4	5	69.62
0000005	2018	4	6	69.6
0000005	2018	4	7	69.54
0000005	2018	4	8	69.56
0000005	2018	4	9	69.57
0000005	2018	4	10	69.59
0000005	2018	4	11	69.61
0000005	2018	4	12	69.61
0000005	2018	4	13	69.59
0000005	2018	4	14	69.58
0000005	2018	4	15	69.47
0000005	2018	4	16	69.51
0000005	2018	4	17	69.52
0000005	2018	4	18	69.51
0000005	2018	4	19	69.53
0000005	2018	4	20	69.55
0000005	2018	4	21	69.54
0000005	2018	4	22	69.46
0000005	2018	4	23	69.36
0000005	2018	4	24	69.38
0000005	2018	4	25	69.39
0000005	2018	4	26	69.36
0000005	2018	4	27	69.36
0000005	2018	4	28	69.38
0000005	2018	4	29	69.41
0000005	2018	4	30	69.42
0000005	2018	5	1	69.43
0000005	2018	5	2	69.43
0000005	2018	5	3	69.43
0000005	2018	5	4	69.42
0000005	2018	5	5	69.4
0000005	2018	5	6	69.41
0000005	2018	5	7	69.43
0000005	2018	5	8	69.45
0000005	2018	5	9	69.47
0000005	2018	5	10	69.49
0000005	2018	5	11	69.51
0000005	2018	5	12	69.53
0000005	2018	5	13	69.54
0000005	2018	5	14	69.54
0000005	2018	5	15	69.54
0000005	2018	5	16	69.51
0000005	2018	5	17	69.5
0000005	2018	5	18	69.52
0000005	2018	5	19	69.54
0000005	2018	5	20	69.56
0000005	2018	5	21	69.56
0000005	2018	5	22	69.55
0000005	2018	5	23	69.55
0000005	2018	5	24	69.54
0000005	2018	5	25	69.5
0000005	2018	5	26	69.5
0000005	2018	5	27	69.51
0000005	2018	5	28	69.44
0000005	2018	5	29	69.39
0000005	2018	5	30	69.42
0000005	2018	5	31	69.44
0000005	2018	6	1	69.47
0000005	2018	6	2	69.47
0000005	2018	6	3	69.48
0000005	2018	6	4	69.5
0000005	2018	6	5	69.51
0000005	2018	6	6	69.51
0000005	2018	6	7	69.57
0000005	2018	6	8	69.58
0000005	2018	6	9	69.58
0000005	2018	6	10	69.57
0000005	2018	6	11	69.57
0000005	2018	6	12	69.57
0000005	2018	6	13	69.56
0000005	2018	6	14	69.56
0000005	2018	6	15	69.55
0000005	2018	6	16	69.55
0000005	2018	6	17	69.57
0000005	2018	6	18	69.58
0000005	2018	6	19	69.57
0000005	2018	6	20	69.57
0000005	2018	6	21	69.58
0000005	2018	6	22	69.6
0000005	2018	6	23	69.62
0000005	2018	6	24	69.65
0000005	2018	6	25	69.67
0000005	2018	6	26	69.68
0000005	2018	6	27	69.66
0000005	2018	6	28	69.65
0000005	2018	6	29	69.66
0000005	2018	6	30	69.68
0000005	2018	7	1	69.68
0000005	2018	7	2	69.69
0000005	2018	7	3	69.7
0000005	2018	7	4	69.73
0000005	2018	7	5	69.75
0000005	2018	7	6	69.76
0000005	2018	7	7	69.72
0000005	2018	7	8	69.69
0000005	2018	7	9	69.71
0000005	2018	7	10	69.72
0000005	2018	7	11	69.73
0000005	2018	7	12	69.76
0000005	2018	7	13	69.8
0000005	2018	7	14	69.78
0000005	2018	7	15	69.78
0000005	2018	7	16	69.78
0000005	2018	7	17	69.79
0000005	2018	7	18	69.8
0000005	2018	7	19	69.81
0000005	2018	7	20	69.83
0000005	2018	7	21	69.84
0000005	2018	7	22	69.84
0000005	2018	7	23	69.86
0000005	2018	7	24	69.89
0000005	2018	7	25	69.91
0000005	2018	7	26	69.88
0000005	2018	7	27	69.9
0000005	2018	7	28	69.92
0000005	2018	7	29	69.94
0000005	2018	7	30	69.95
0000005	2018	7	31	69.97
0000005	2018	8	1	69.93
0000005	2018	8	2	69.91
0000005	2018	8	3	69.94
0000005	2018	8	4	69.98
0000005	2018	8	5	70.01
0000005	2018	8	6	70.02
0000005	2018	8	7	70.03
0000005	2018	8	8	70.05
0000005	2018	8	9	69.99
0000005	2018	8	10	69.92
0000005	2018	8	11	69.89
0000005	2018	8	12	69.93
0000005	2018	8	13	69.95
0000005	2018	8	14	69.97
0000005	2018	8	15	70
0000005	2018	8	16	70.03
0000005	2018	8	17	70.05
0000005	2018	8	18	70.06
0000005	2018	8	19	70.05
0000005	2018	8	20	70.05
0000005	2018	8	21	70.05
0000005	2018	8	22	70.05
0000005	2018	8	23	70.08
0000005	2018	8	24	70.11
0000005	2018	8	25	70.15
0000005	2018	8	26	70.18
0000005	2018	8	27	70.19
0000005	2018	8	28	70.22
0000005	2018	8	29	70.23
0000005	2018	8	30	70.24
0000005	2018	8	31	70.25
0000005	2018	9	1	70.26
0000005	2018	9	2	70.28
0000005	2018	9	3	70.3
0000005	2018	9	4	70.31
0000005	2018	9	5	70.28
0000005	2018	9	6	70.24
0000005	2018	9	7	70.25
0000005	2018	9	8	70.25
0000005	2018	9	9	70.26
0000005	2018	9	10	70.29
0000005	2018	9	11	70.32
0000005	2018	9	12	70.35
0000005	2018	9	13	70.32
0000005	2018	9	14	70.22
0000005	2018	9	15	70.22
0000005	2018	9	16	70.24
0000005	2018	9	17	70.27
0000005	2018	9	18	70.29
0000005	2018	9	19	70.3
0000005	2018	9	20	70.33
0000005	2018	9	21	70.35
0000005	2018	9	22	70.36
0000005	2018	9	23	70.36
0000005	2018	9	24	70.36
0000005	2018	9	25	70.36
0000005	2018	9	26	70.35
0000005	2018	9	27	70.32
0000005	2018	9	28	70.32
0000005	2018	9	29	70.32
0000005	2018	9	30	70.34
0000005	2018	10	1	70.36
0000005	2018	10	2	70.36
0000005	2018	10	3	70.36
0000005	2018	10	4	70.37
0000005	2018	10	5	70.37
0000005	2018	10	6	70.39
0000005	2018	10	7	70.39
0000005	2018	10	8	70.39
0000005	2018	10	9	70.37
0000005	2018	10	10	70.2
0000005	2018	10	11	70.16
0000005	2018	10	12	70.19
0000005	2018	10	13	70.22
0000005	2018	10	14	70.25
0000005	2018	10	15	70.26
0000005	2018	10	16	70.27
0000005	2018	10	17	70.29
0000005	2018	10	18	70.31
0000005	2018	10	19	70.31
0000005	2018	10	20	70.29
0000005	2018	10	21	70.31
0000005	2018	10	22	70.32
0000005	2018	10	23	70.31
0000005	2018	10	24	70.31
0000005	2018	10	25	70.28
0000005	2018	10	26	70.22
0000005	2018	10	27	70.26
0000005	2018	10	28	70.29
0000005	2018	10	29	70.29
0000005	2018	10	30	70.31
0000005	2018	10	31	70.3
0000005	2018	11	1	70.22
0000005	2018	11	2	70.2
0000005	2018	11	3	70.25
0000005	2018	11	4	70.25
0000005	2018	11	5	70.23
0000005	2018	11	6	70.17
0000005	2018	11	7	70.12
0000005	2018	11	8	70.01
0000005	2018	11	9	69.98
0000005	2018	11	10	70.01
0000005	2018	11	11	70.02
0000005	2018	11	12	69.93
0000005	2018	11	13	69.85
0000005	2018	11	14	69.84
0000005	2018	11	15	69.82
0000005	2018	11	16	69.83
0000005	2018	11	17	69.84
0000005	2018	11	18	69.84
0000005	2018	11	19	69.83
0000005	2018	11	20	69.83
0000005	2018	11	21	69.85
0000005	2018	11	22	69.85
0000005	2018	11	23	69.83
0000005	2018	11	24	69.76
0000005	2018	11	25	69.75
0000005	2018	11	26	69.76
0000005	2018	11	27	69.78
0000005	2018	11	28	69.79
0000005	2018	11	29	69.78
0000005	2018	11	30	69.76
0000005	2018	12	1	69.67
0000005	2018	12	2	69.44
0000005	2018	12	3	69.44
0000005	2018	12	4	69.51
0000005	2018	12	5	69.56
0000005	2018	12	6	69.58
0000005	2018	12	7	69.58
0000005	2018	12	8	69.54
0000005	2018	12	9	69.44
0000005	2018	12	10	69.48
0000005	2018	12	11	69.51
0000005	2018	12	12	69.5
0000005	2018	12	13	69.47
0000005	2018	12	14	69.4
0000005	2018	12	15	69.42
0000005	2018	12	16	69.45
0000005	2018	12	17	69.45
0000005	2018	12	18	69.43
0000005	2018	12	19	69.4
0000005	2018	12	20	69.29
0000005	2018	12	21	69.29
0000005	2018	12	22	69.37
0000005	2018	12	23	69.38
0000005	2018	12	24	69.39
0000005	2018	12	25	69.38
0000005	2018	12	26	69.38
0000005	2018	12	27	69.34
0000005	2018	12	28	69.26
0000005	2018	12	29	69.23
0000005	2018	12	30	69.19
0000005	2018	12	31	69.18
0000005	2019	1	1	69.18
0000005	2019	1	2	69.18
0000005	2019	1	3	69.09
0000005	2019	1	4	68.98
0000005	2019	1	5	69.01
0000005	2019	1	6	69.04
0000005	2019	1	7	69.05
0000005	2019	1	8	69.04
0000005	2019	1	9	69.04
0000005	2019	1	10	69.03
0000005	2019	1	11	69.03
0000005	2019	1	12	69.01
0000005	2019	1	13	68.99
0000005	2019	1	14	69.01
0000005	2019	1	15	69
0000005	2019	1	16	68.98
0000005	2019	1	17	68.96
0000005	2019	1	18	68.92
0000005	2019	1	19	68.85
0000005	2019	1	20	68.87
0000005	2019	1	21	68.92
0000005	2019	1	22	68.9
0000005	2019	1	23	68.8
0000005	2019	1	24	68.68
0000005	2019	1	25	68.73
0000005	2019	1	26	68.72
0000005	2019	1	27	68.7
0000005	2019	1	28	68.67
0000005	2019	1	29	68.67
0000005	2019	1	30	68.71
0000005	2019	1	31	68.71
0000005	2019	2	1	68.68
0000005	2019	2	2	68.64
0000005	2019	2	3	68.6
0000005	2019	2	4	68.6
0000005	2019	2	5	68.6
0000005	2019	2	6	68.6
0000005	2019	2	7	68.59
0000005	2019	2	8	68.61
0000005	2019	2	9	68.63
0000005	2019	2	10	68.6
0000005	2019	2	11	68.55
0000005	2019	2	12	68.51
0000005	2019	2	13	68.54
0000005	2019	2	14	68.51
0000005	2019	2	15	68.47
0000005	2019	2	16	68.45
0000005	2019	2	17	68.45
0000005	2019	2	18	68.49
0000005	2019	2	19	68.49
0000005	2019	2	20	68.46
0000005	2019	2	21	68.46
0000005	2019	2	22	68.48
0000005	2019	2	23	68.47
0000005	2019	2	24	68.47
0000005	2019	2	25	68.51
0000005	2019	2	26	68.48
0000005	2019	2	27	68.45
0000005	2019	2	28	68.4
0000005	2019	3	1	68.37
0000005	2019	3	2	68.35
0000005	2019	3	3	68.29
0000005	2019	3	4	68.29
0000005	2019	3	5	68.3
0000005	2019	3	6	68.33
0000005	2019	3	7	68.32
0000005	2019	3	8	68.29
0000005	2019	3	9	68.27
0000005	2019	3	10	68.27
0000005	2019	3	11	68.25
0000005	2019	3	12	68.21
0000005	2019	3	13	68.19
0000005	2019	3	14	68.19
0000005	2019	3	15	68.2
0000005	2019	3	16	68.22
0000005	2019	3	17	68.21
0000005	2019	3	18	68.22
0000005	2019	3	19	68.22
0000005	2019	3	20	68.21
0000005	2019	3	21	68.19
0000005	2019	3	22	68.2
0000005	2019	3	23	68.22
0000005	2019	3	24	68.22
0000005	2019	3	25	68.19
0000005	2019	3	26	68.2
0000005	2019	3	27	68.23
0000005	2019	3	28	68.24
0000005	2019	3	29	68.22
0000005	2019	3	30	68.19
0000005	2019	3	31	68.2
0000005	2019	4	1	68.22
0000005	2019	4	2	68.21
0000005	2019	4	3	68.24
0000005	2019	4	4	68.22
0000005	2019	4	5	68.15
0000005	2019	4	6	68.17
0000005	2019	4	7	68.17
0000005	2019	4	8	68.12
0000005	2019	4	9	68.07
0000005	2019	4	10	68.1
0000005	2019	4	11	68.12
0000005	2019	4	12	68.15
0000005	2019	4	13	68.14
0000005	2019	4	14	68.1
0000005	2019	4	15	68.17
0000005	2019	4	16	68.19
0000005	2019	4	17	68.19
0000005	2019	4	18	68.16
0000005	2019	4	19	68.1
0000005	2019	4	20	68.15
0000005	2019	4	21	68.21
0000005	2019	4	22	68.23
0000005	2019	4	23	68.23
0000005	2019	4	24	68.21
0000005	2019	4	25	68.18
0000005	2019	4	26	68.12
0000005	2019	4	27	68.15
0000005	2019	4	28	68.18
0000005	2019	4	29	68.21
0000005	2019	4	30	68.24
0000005	2019	5	1	68.25
0000005	2019	5	2	68.25
0000005	2019	5	3	68.25
0000005	2019	5	4	68.24
0000005	2019	5	5	68.24
0000005	2019	5	6	68.27
0000005	2019	5	7	68.29
0000005	2019	5	8	68.3
0000005	2019	5	9	68.3
0000005	2019	5	10	68.31
0000005	2019	5	11	68.28
0000005	2019	5	12	68.19
0000005	2019	5	13	68.2
0000005	2019	5	14	68.24
0000005	2019	5	15	68.26
0000005	2019	5	16	68.29
0000005	2019	5	17	68.3
0000005	2019	5	18	68.32
0000005	2019	5	19	68.33
0000005	2019	5	20	68.35
0000005	2019	5	21	68.35
0000005	2019	5	22	68.39
0000005	2019	5	23	68.43
0000005	2019	5	24	68.44
0000005	2019	5	25	68.45
0000005	2019	5	26	68.47
0000005	2019	5	27	68.48
0000005	2019	5	28	68.49
0000005	2019	5	29	68.5
0000005	2019	5	30	68.53
0000005	2019	5	31	68.55
0000005	2019	6	1	68.58
0000005	2019	6	2	68.6
0000005	2019	6	3	68.65
0000005	2019	6	4	68.68
0000005	2019	6	5	68.74
0000005	2019	6	6	68.73
0000005	2019	6	7	68.71
0000005	2019	6	8	68.73
0000005	2019	6	9	68.76
0000005	2019	6	10	68.81
0000005	2019	6	11	68.86
0000005	2019	6	12	68.89
0000005	2019	6	13	68.95
0000005	2019	6	14	69.01
0000005	2019	6	15	69.05
0000005	2019	6	16	69.08
0000005	2019	6	17	69.1
0000005	2019	6	18	69.09
0000005	2019	6	19	69.12
0000005	2019	6	20	69.19
0000005	2019	6	21	69.25
0000005	2019	6	22	69.32
0000005	2019	6	23	69.37
0000005	2019	6	24	69.4
0000005	2019	6	25	69.43
0000005	2019	6	26	69.47
0000005	2019	6	27	69.49
0000005	2019	6	28	69.51
0000005	2019	6	29	69.53
0000005	2019	6	30	69.54
0000005	2019	7	1	69.56
0000005	2019	7	2	69.58
0000005	2019	7	3	69.61
0000005	2019	7	4	69.64
0000005	2019	7	5	69.68
0000005	2019	7	6	69.7
0000005	2019	7	7	69.73
0000005	2019	7	8	69.75
0000005	2019	7	9	69.76
0000005	2019	7	10	69.77
0000005	2019	7	11	69.79
0000005	2019	7	12	69.81
0000005	2019	7	13	69.86
0000005	2019	7	14	69.91
0000005	2019	7	15	69.89
0000005	2019	7	16	69.92
0000005	2019	7	17	69.95
0000005	2019	7	18	69.98
0000005	2019	7	19	70
0000005	2019	7	20	70
0000005	2019	7	21	70
0000005	2019	7	22	70.01
0000005	2019	7	23	70.02
0000005	2019	7	24	70.05
0000005	2019	7	25	70.09
0000005	2019	7	26	70.14
0000005	2019	7	27	70.19
0000005	2019	7	28	70.21
0000005	2019	7	29	70.23
0000005	2019	7	30	70.26
0000005	2019	7	31	70.29
0000005	2019	8	1	70.32
0000005	2019	8	2	70.33
0000005	2019	8	3	70.36
0000005	2019	8	4	70.39
0000005	2019	8	5	70.4
0000005	2019	8	6	70.42
0000005	2019	8	7	70.46
0000005	2019	8	8	70.49
0000005	2019	8	9	70.52
0000005	2019	8	10	70.55
0000005	2019	8	11	70.58
0000005	2019	8	12	70.59
0000005	2019	8	13	70.56
0000005	2019	8	14	70.59
0000005	2019	8	15	70.62
0000005	2019	8	16	70.67
0000005	2019	8	17	70.71
0000005	2019	8	18	70.76
0000005	2019	8	19	70.8
0000005	2019	8	20	70.84
0000005	2019	8	21	70.86
0000005	2019	8	22	70.88
0000005	2019	8	23	70.92
0000005	2019	8	24	70.95
0000005	2019	8	25	70.99
0000005	2019	8	26	70.99
0000005	2019	8	27	70.96
0000005	2019	8	28	70.97
0000005	2019	8	29	71.03
0000005	2019	8	30	71.07
0000005	2019	8	31	71.1
0000005	2019	9	1	71.08
0000005	2019	9	2	71.11
0000005	2019	9	3	71.14
0000005	2019	9	4	71.18
0000005	2019	9	5	71.21
0000005	2019	9	6	71.24
0000005	2019	9	7	71.29
0000005	2019	9	8	71.33
0000005	2019	9	9	71.37
0000005	2019	9	10	71.4
0000005	2019	9	11	71.43
0000005	2019	9	12	71.45
0000005	2019	9	13	71.48
0000005	2019	9	14	71.51
0000005	2019	9	15	71.53
0000005	2019	9	16	71.61
0000005	2019	9	17	71.75
0000005	2019	9	18	71.83
0000005	2019	9	19	71.91
0000005	2019	9	20	71.98
0000005	2019	9	21	71.97
0000005	2019	9	22	71.94
0000005	2019	9	23	71.93
0000005	2019	9	24	71.91
0000005	2019	9	25	71.92
0000005	2019	9	26	71.93
0000005	2019	9	27	71.96
0000005	2019	9	28	72
0000005	2019	9	29	72.04
0000005	2019	9	30	72.05
0000005	2019	10	1	72.07
0000005	2019	10	2	72.08
0000005	2019	10	3	72.11
0000005	2019	10	4	72.14
0000005	2019	10	5	72.16
0000005	2019	10	6	72.2
0000005	2019	10	7	72.21
0000005	2019	10	8	72.24
0000005	2019	10	9	72.27
0000005	2019	10	10	72.31
0000005	2019	10	11	72.35
0000005	2019	10	12	72.4
0000005	2019	10	13	72.45
0000005	2019	10	14	72.5
0000005	2019	10	15	72.52
0000005	2019	10	16	72.53
0000005	2019	10	17	72.57
0000005	2019	10	18	72.56
0000005	2019	10	19	72.47
0000005	2019	10	20	72.51
0000005	2019	10	21	72.53
0000005	2019	10	22	72.54
0000005	2019	10	23	72.58
0000005	2019	10	24	72.6
0000005	2019	10	25	72.6
0000005	2019	10	26	72.57
0000005	2019	10	27	72.59
0000005	2019	10	28	72.62
0000005	2019	10	29	72.61
0000005	2019	10	30	72.57
0000005	2019	10	31	72.51
0000005	2019	11	1	72.55
0000005	2019	11	2	72.56
0000005	2019	11	3	72.58
0000005	2019	11	4	72.59
0000005	2019	11	5	72.61
0000005	2019	11	6	72.64
0000005	2019	11	7	72.62
0000005	2019	11	8	72.54
0000005	2019	11	9	72.57
0000005	2019	11	10	72.58
0000005	2019	11	11	72.58
0000005	2019	11	12	72.59
0000005	2019	11	13	72.63
0000005	2019	11	14	72.62
0000005	2019	11	15	72.6
0000005	2019	11	16	72.61
0000005	2019	11	17	72.61
0000005	2019	11	18	72.6
0000005	2019	11	19	72.63
0000005	2019	11	20	72.68
0000005	2019	11	21	72.69
0000005	2019	11	22	72.67
0000005	2019	11	23	72.64
0000005	2019	11	24	72.64
0000005	2019	11	25	72.64
0000005	2019	11	26	72.65
0000005	2019	11	27	72.68
0000005	2019	11	28	72.71
0000005	2019	11	29	72.7
0000005	2019	11	30	72.67
0000005	2019	12	1	72.63
0000005	2019	12	2	72.67
0000005	2019	12	3	72.67
0000005	2019	12	4	72.68
0000005	2019	12	5	72.72
0000005	2019	12	6	72.72
0000005	2019	12	7	72.71
0000005	2019	12	8	72.72
0000005	2019	12	9	72.71
0000005	2019	12	10	72.73
0000005	2019	12	11	72.77
0000005	2019	12	12	72.74
0000005	2019	12	13	72.59
0000005	2019	12	14	72.52
0000005	2019	12	15	72.57
0000005	2019	12	16	72.57
0000005	2019	12	17	72.42
0000005	2019	12	18	72.44
0000005	2019	12	19	72.48
0000005	2019	12	20	72.5
0000005	2019	12	21	72.48
0000005	2019	12	22	72.29
0000005	2019	12	23	72.22
0000005	2019	12	24	72.24
0000005	2019	12	25	72.27
0000005	2019	12	26	72.29
0000005	2019	12	27	72.29
0000005	2019	12	28	72.27
0000005	2019	12	29	72.24
0000005	2019	12	30	72.24
0000005	2019	12	31	72.26
0000005	2020	1	1	72.24
0000005	2020	1	2	72.21
0000005	2020	1	3	72.14
0000005	2020	1	4	72.08
0000005	2020	1	5	72.12
0000005	2020	1	6	72.1
0000005	2020	1	7	72.1
0000005	2020	1	8	72.13
0000005	2020	1	9	72.12
0000005	2020	1	10	72.08
0000005	2020	1	11	72.01
0000005	2020	1	12	71.96
0000005	2020	1	13	71.95
0000005	2020	1	14	71.91
0000005	2020	1	15	71.85
0000005	2020	1	16	71.86
0000005	2020	1	17	71.87
0000005	2020	1	18	71.84
0000005	2020	1	19	71.8
0000005	2020	1	20	71.82
0000005	2020	1	21	71.82
0000005	2020	1	22	71.78
0000005	2020	1	23	71.73
0000005	2020	1	24	71.67
0000005	2020	1	25	71.68
0000005	2020	1	26	71.67
0000005	2020	1	27	71.62
0000005	2020	1	28	71.62
0000005	2020	1	29	71.58
0000005	2020	1	30	71.56
0000005	2020	1	31	71.55
0000005	2020	2	1	71.53
0000005	2020	2	2	71.53
0000005	2020	2	3	71.51
0000005	2020	2	4	71.48
0000005	2020	2	5	71.38
0000005	2020	2	6	71.17
0000005	2020	2	7	71.21
0000005	2020	2	8	71.26
0000005	2020	2	9	71.28
0000005	2020	2	10	71.25
0000005	2020	2	11	71.22
0000005	2020	2	12	71.19
0000005	2020	2	13	71.15
0000005	2020	2	14	71.18
0000005	2020	2	15	71.18
0000005	2020	2	16	71.1
0000005	2020	2	17	71.04
0000005	2020	2	18	71.04
0000005	2020	2	19	71.04
0000005	2020	2	20	71
0000005	2020	2	21	71.01
0000005	2020	2	22	71
0000005	2020	2	23	70.97
0000005	2020	2	24	70.9
0000005	2020	2	25	70.81
0000005	2020	2	26	70.84
0000005	2020	2	27	70.88
0000005	2020	2	28	70.88
0000005	2020	2	29	70.88
0000005	2020	3	1	70.87
0000005	2020	3	2	70.82
0000005	2020	3	3	70.79
0000005	2020	3	4	70.72
0000005	2020	3	5	70.63
0000005	2020	3	6	70.68
0000005	2020	3	7	70.71
0000005	2020	3	8	70.73
0000005	2020	3	9	70.72
0000005	2020	3	10	70.69
0000005	2020	3	11	70.64
0000005	2020	3	12	70.61
0000005	2020	3	13	70.63
0000005	2020	3	14	70.64
0000005	2020	3	15	70.62
0000005	2020	3	16	70.61
0000005	2020	3	17	70.6
0000005	2020	3	18	70.6
0000005	2020	3	19	70.6
0000005	2020	3	20	70.59
0000005	2020	3	21	70.58
0000005	2020	3	22	70.57
0000005	2020	3	23	70.55
0000005	2020	3	24	70.52
0000005	2020	3	25	70.5
0000005	2020	3	26	70.53
0000005	2020	3	27	70.53
0000005	2020	3	28	70.53
0000005	2020	3	29	70.54
0000005	2020	3	30	70.54
0000005	2020	3	31	70.45
0000005	2020	4	1	70.44
0000005	2020	4	2	70.46
0000005	2020	4	3	70.44
0000005	2020	4	4	70.43
0000005	2020	4	5	70.42
0000005	2020	4	6	70.43
0000005	2020	4	7	70.41
0000005	2020	4	8	70.36
0000005	2020	4	9	70.32
0000005	2020	4	10	70.34
0000005	2020	4	11	70.36
0000005	2020	4	12	70.31
0000005	2020	4	13	70.29
0000005	2020	4	14	70.3
0000005	2020	4	15	70.3
0000005	2020	4	16	70.33
0000005	2020	4	17	70.31
0000005	2020	4	18	70.28
0000005	2020	4	19	70.24
0000005	2020	4	20	70.21
0000005	2020	4	21	70.25
0000005	2020	4	22	70.25
0000005	2020	4	23	70.04
0000005	2020	4	24	69.91
0000005	2020	4	25	69.93
0000005	2020	4	26	70
0000005	2020	4	27	70.03
0000005	2020	4	28	70.03
0000005	2020	4	29	69.98
0000005	2020	4	30	69.97
0000005	2020	5	1	70
0000005	2020	5	2	70.01
0000005	2020	5	3	70
0000005	2020	5	4	69.98
0000005	2020	5	5	69.97
0000005	2020	5	6	69.99
0000005	2020	5	7	70.02
0000005	2020	5	8	69.99
0000005	2020	5	9	70.03
0000005	2020	5	10	70.03
0000005	2020	5	11	70.04
0000005	2020	5	12	70.04
0000005	2020	5	13	70.05
0000005	2020	5	14	70.05
0000005	2020	5	15	70.04
0000005	2020	5	16	70.04
0000005	2020	5	17	70.03
0000005	2020	5	18	69.97
0000005	2020	5	19	69.96
0000005	2020	5	20	69.97
0000005	2020	5	21	70
0000005	2020	5	22	70.03
0000005	2020	5	23	70.03
0000005	2020	5	24	70.01
0000005	2020	5	25	70.01
0000005	2020	5	26	69.98
0000005	2020	5	27	69.99
0000005	2020	5	28	70.02
0000005	2020	5	29	70.04
0000005	2020	5	30	70.05
0000005	2020	5	31	70.07
0000005	2020	6	1	70.11
0000005	2020	6	2	70.07
0000005	2020	6	3	70.03
0000005	2020	6	4	70.01
0000005	2020	6	5	70.04
0000005	2020	6	6	70.06
0000005	2020	6	7	70.01
0000005	2020	6	8	70
0000005	2020	6	9	69.98
0000005	2020	6	10	69.92
0000005	2020	6	11	69.94
0000005	2020	6	12	69.97
0000005	2020	6	13	70
0000005	2020	6	14	70.03
0000005	2020	6	15	70.05
0000005	2020	6	16	70.07
0000005	2020	6	17	70.08
0000005	2020	6	18	70.09
0000005	2020	6	19	70.11
0000005	2020	6	20	70.12
0000005	2020	6	21	70.14
0000005	2020	6	22	70.15
0000005	2020	6	23	70.13
0000005	2020	6	24	70.15
0000005	2020	6	25	70.16
0000005	2020	6	26	70.15
0000005	2020	6	27	70.15
0000005	2020	6	28	70.16
0000005	2020	6	29	70.18
0000005	2020	6	30	70.21
0000005	2020	7	1	70.19
0000005	2020	7	2	70.17
0000005	2020	7	3	70.17
0000005	2020	7	4	70.08
0000005	2020	7	5	70.1
0000005	2020	7	6	70.13
0000005	2020	7	7	70.16
0000005	2020	7	8	70.16
0000005	2020	7	9	70.13
0000005	2020	7	10	70.15
0000005	2020	7	11	70.17
0000005	2020	7	12	70.18
0000005	2020	7	13	70.16
0000005	2020	7	14	70.18
0000005	2020	7	15	70.18
0000005	2020	7	16	70.19
0000005	2020	7	17	70.21
0000005	2020	7	18	70.22
0000005	2020	7	19	70.23
0000005	2020	7	20	70.24
0000005	2020	7	21	70.25
0000005	2020	7	22	70.27
0000005	2020	7	23	70.27
0000005	2020	7	24	70.28
0000005	2020	7	25	70.29
0000005	2020	7	26	70.3
0000005	2020	7	27	70.3
0000005	2020	7	28	70.3
0000005	2020	7	29	70.26
0000005	2020	7	30	70.26
0000005	2020	7	31	70.28
0000005	2020	8	1	70.3
0000005	2020	8	2	70.32
0000005	2020	8	3	70.33
0000005	2020	8	4	70.36
0000005	2020	8	5	70.39
0000005	2020	8	6	70.41
0000005	2020	8	7	70.45
0000005	2020	8	8	70.49
0000005	2020	8	9	70.51
0000005	2020	8	10	70.53
0000005	2020	8	11	70.56
0000005	2020	8	12	70.57
0000005	2020	8	13	70.57
0000005	2020	8	14	70.55
0000005	2020	8	15	70.56
0000005	2020	8	16	70.6
0000005	2020	8	17	70.63
0000005	2020	8	18	70.66
0000005	2020	8	19	70.67
0000005	2020	8	20	70.7
0000005	2020	8	21	70.73
0000005	2020	8	22	70.76
0000005	2020	8	23	70.8
0000005	2020	8	24	70.77
0000005	2020	8	25	70.7
0000005	2020	8	26	70.74
0000005	2020	8	27	70.76
0000005	2020	8	28	70.79
0000005	2020	8	29	70.82
0000005	2020	8	30	70.81
0000005	2020	8	31	70.79
0000005	2020	9	1	70.83
0000005	2020	9	2	70.85
0000005	2020	9	3	70.88
0000005	2020	9	4	70.91
0000005	2020	9	5	70.94
0000005	2020	9	6	70.96
0000005	2020	9	7	70.96
0000005	2020	9	8	70.98
0000005	2020	9	9	71.02
0000005	2020	9	10	71.03
0000005	2020	9	11	71
0000005	2020	9	12	71.02
0000005	2020	9	13	71.04
0000005	2020	9	14	71.02
0000005	2020	9	15	70.96
0000005	2020	9	16	70.57
0000005	2020	9	17	70.44
0000005	2020	9	18	70.54
0000005	2020	9	19	70.64
0000005	2020	9	20	70.71
0000005	2020	9	21	70.75
0000005	2020	9	22	70.76
0000005	2020	9	23	70.77
0000005	2020	9	24	70.76
0000005	2020	9	25	70.78
0000005	2020	9	26	70.8
0000005	2020	9	27	70.79
0000005	2020	9	28	70.79
0000005	2020	9	29	70.75
0000005	2020	9	30	70.78
0000005	2020	10	1	70.79
0000005	2020	10	2	70.81
0000005	2020	10	3	70.83
0000005	2020	10	4	70.85
0000005	2020	10	5	70.86
0000005	2020	10	6	70.86
0000005	2020	10	7	70.87
0000005	2020	10	8	70.88
0000005	2020	10	9	70.88
0000005	2020	10	10	70.84
0000005	2020	10	11	70.81
0000005	2020	10	12	70.84
0000005	2020	10	13	70.87
0000005	2020	10	14	70.88
0000005	2020	10	15	70.89
0000005	2020	10	16	70.92
0000005	2020	10	17	70.95
0000005	2020	10	18	70.95
0000005	2020	10	19	70.94
0000005	2020	10	20	70.94
0000005	2020	10	21	70.95
0000005	2020	10	22	70.94
0000005	2020	10	23	70.94
0000005	2020	10	24	70.9
0000005	2020	10	25	70.87
0000005	2020	10	26	70.89
0000005	2020	10	27	70.88
0000005	2020	10	28	70.83
0000005	2020	10	29	70.78
0000005	2020	10	30	70.84
0000005	2020	10	31	70.85
0000005	2020	11	1	70.85
0000005	2020	11	2	70.87
0000005	2020	11	3	70.86
0000005	2020	11	4	70.86
0000005	2020	11	5	70.84
0000005	2020	11	6	70.82
0000005	2020	11	7	70.8
0000005	2020	11	8	70.8
0000005	2020	11	9	70.78
0000005	2020	11	10	70.75
0000005	2020	11	11	70.74
0000005	2020	11	12	70.75
0000005	2020	11	13	70.78
0000005	2020	11	14	70.77
0000005	2020	11	15	70.76
0000005	2020	11	16	70.79
0000005	2020	11	17	70.8
0000005	2020	11	18	70.81
0000005	2020	11	19	70.81
0000005	2020	11	20	70.79
0000005	2020	11	21	70.77
0000005	2020	11	22	70.74
0000005	2020	11	23	70.75
0000005	2020	11	24	70.75
0000005	2020	11	25	70.73
0000005	2020	11	26	70.71
0000005	2020	11	27	70.7
0000005	2020	11	28	70.63
0000005	2020	11	29	70.58
0000005	2020	11	30	70.57
0000005	2020	12	1	70.62
0000005	2020	12	2	42.48
0000005	2020	12	3	8.45
0000005	2020	12	4	70.59
0000005	2020	12	5	70.6
0000005	2020	12	6	70.57
0000005	2020	12	7	70.56
0000005	2020	12	8	70.6
0000005	2020	12	9	70.6
0000005	2020	12	10	70.59
0000005	2020	12	11	70.58
0000005	2020	12	12	70.57
0000005	2020	12	13	70.56
0000005	2020	12	14	70.55
0000005	2020	12	15	70.56
0000005	2020	12	16	70.53
0000005	2020	12	17	70.57
0000005	2020	12	18	70.6
0000005	2020	12	19	70.59
0000005	2020	12	20	70.63
0000005	2020	12	21	70.64
0000005	2020	12	22	70.63
0000005	2020	12	23	70.59
0000005	2020	12	24	70.44
0000005	2020	12	25	70.43
0000005	2020	12	26	70.44
0000005	2020	12	27	70.44
0000005	2020	12	28	70.45
0000005	2020	12	29	70.45
0000005	2020	12	30	70.42
0000005	2020	12	31	70.39
0000005	2021	1	1	70.26
0000005	2021	1	2	70.24
0000005	2021	1	3	70.24
0000005	2021	1	4	70.24
0000005	2021	1	5	70.24
0000005	2021	1	6	70.25
0000005	2021	1	7	70.2
0000005	2021	1	8	70.21
0000005	2021	1	9	70.24
0000005	2021	1	10	70.24
0000005	2021	1	11	70.22
0000005	2021	1	12	70.22
0000005	2021	1	13	70.2
0000005	2021	1	14	70.16
0000005	2021	1	15	70.13
0000005	2021	1	16	70.16
0000005	2021	1	17	70.16
0000005	2021	1	18	70.19
0000005	2021	1	19	70.23
0000005	2021	1	20	70.21
0000005	2021	1	21	70.17
0000005	2021	1	22	70.09
0000005	2021	1	23	70.11
0000005	2021	1	24	70.11
0000005	2021	1	25	70.08
0000005	2021	1	26	70.07
0000005	2021	1	27	70.07
0000005	2021	1	28	70.13
0000005	2021	1	29	70.12
0000005	2021	1	30	70.08
0000005	2021	1	31	70.01
0000005	2021	2	1	70.02
0000005	2021	2	2	70.03
0000005	2021	2	3	70.02
0000005	2021	2	4	70
0000005	2021	2	5	69.96
0000005	2021	2	6	69.93
0000005	2021	2	7	69.92
0000005	2021	2	8	69.93
0000005	2021	2	9	69.89
0000005	2021	2	10	69.87
0000005	2021	2	11	69.84
0000005	2021	2	12	69.8
0000005	2021	2	13	69.73
0000005	2021	2	14	69.72
0000005	2021	2	15	69.68
0000005	2021	2	16	69.7
0000005	2021	2	17	69.68
0000005	2021	2	18	69.64
0000005	2021	2	19	69.66
0000005	2021	2	20	69.68
0000005	2021	2	21	69.66
0000005	2021	2	22	69.6
0000005	2021	2	23	69.59
0000005	2021	2	24	69.58
0000005	2021	2	25	69.57
0000005	2021	2	26	69.54
0000005	2021	2	27	69.53
0000005	2021	2	28	69.51
0000005	2021	3	1	69.48
0000005	2021	3	2	69.41
0000005	2021	3	3	69.32
0000005	2021	3	4	69.32
0000005	2021	3	5	69.31
0000005	2021	3	6	69.32
0000005	2021	3	7	69.36
0000005	2021	3	8	69.38
0000005	2021	3	9	69.37
0000005	2021	3	10	69.34
0000005	2021	3	11	69.32
0000005	2021	3	12	69.31
0000005	2021	3	13	69.28
0000005	2021	3	14	69.25
0000005	2021	3	15	69.25
0000005	2021	3	16	69.21
0000005	2021	3	17	69.12
0000005	2021	3	18	69.04
0000005	2021	3	19	69.08
0000005	2021	3	20	69.11
0000005	2021	3	21	69.1
0000005	2021	3	22	69.07
0000005	2021	3	23	69.04
0000005	2021	3	24	68.95
0000005	2021	3	25	68.94
0000005	2021	3	26	68.96
0000005	2021	3	27	68.97
0000005	2021	3	28	68.96
0000005	2021	3	29	68.97
0000005	2021	3	30	68.97
0000005	2021	3	31	68.95
0000005	2021	4	1	68.96
0000005	2021	4	2	68.98
0000005	2021	4	3	68.99
0000005	2021	4	4	68.98
0000005	2021	4	5	68.97
0000005	2021	4	6	68.96
0000005	2021	4	7	68.96
0000005	2021	4	8	68.94
0000005	2021	4	9	68.95
0000005	2021	4	10	68.85
0000005	2021	4	11	68.82
0000005	2021	4	12	68.87
0000005	2021	4	13	68.91
0000005	2021	4	14	68.92
0000005	2021	4	15	68.88
0000005	2021	4	16	68.86
0000005	2021	4	17	68.86
0000005	2021	4	18	68.86
0000005	2021	4	19	68.88
0000005	2021	4	20	68.88
0000005	2021	4	21	68.9
0000005	2021	4	22	68.93
0000005	2021	4	23	68.91
0000005	2021	4	24	68.76
0000005	2021	4	25	68.72
0000005	2021	4	26	68.75
0000005	2021	4	27	68.78
0000005	2021	4	28	68.78
0000005	2021	4	29	68.78
0000005	2021	4	30	68.79
0000005	2021	5	1	68.79
0000005	2021	5	2	68.79
0000005	2021	5	3	68.79
0000005	2021	5	4	68.82
0000005	2021	5	5	68.74
0000005	2021	5	6	68.74
0000005	2021	5	7	68.75
0000005	2021	5	8	68.78
0000005	2021	5	9	68.8
0000005	2021	5	10	68.79
0000005	2021	5	11	68.77
0000005	2021	5	12	68.69
0000005	2021	5	13	68.7
0000005	2021	5	14	68.7
0000005	2021	5	15	68.71
0000005	2021	5	16	68.71
0000005	2021	5	17	68.71
0000005	2021	5	18	68.76
0000005	2021	5	19	68.78
0000005	2021	5	20	68.79
0000005	2021	5	21	68.81
0000005	2021	5	22	68.82
0000005	2021	5	23	68.82
0000005	2021	5	24	68.84
0000005	2021	5	25	68.86
0000005	2021	5	26	68.89
0000005	2021	5	27	68.88
0000005	2021	5	28	68.88
0000005	2021	5	29	68.84
0000005	2021	5	30	68.87
0000005	2021	5	31	68.9
0000005	2021	6	1	68.92
0000005	2021	6	2	68.91
0000005	2021	6	3	68.93
0000005	2021	6	4	68.96
0000005	2021	6	5	68.95
0000005	2021	6	6	68.96
0000005	2021	6	7	68.85
0000005	2021	6	8	68.76
0000005	2021	6	9	68.78
0000005	2021	6	10	68.8
0000005	2021	6	11	68.81
0000005	2021	6	12	68.83
0000005	2021	6	13	68.83
0000005	2021	6	14	68.84
0000005	2021	6	15	68.86
0000005	2021	6	16	68.89
0000005	2021	6	17	68.91
0000005	2021	6	18	68.93
0000005	2021	6	19	68.89
0000005	2021	6	20	68.83
0000005	2021	6	21	68.81
0000005	2021	6	22	68.72
0000005	2021	6	23	68.76
0000005	2021	6	24	68.78
0000005	2021	6	25	68.8
0000005	2021	6	26	68.82
0000005	2021	6	27	68.83
0000005	2021	6	28	68.84
0000005	2021	6	29	68.87
0000005	2021	6	30	68.86
0000005	2021	7	1	68.82
0000005	2021	7	2	68.8
0000005	2021	7	3	68.8
0000005	2021	7	4	68.83
0000005	2021	7	5	68.85
0000005	2021	7	6	68.85
0000005	2021	7	7	68.82
0000005	2021	7	8	68.83
0000005	2021	7	9	68.83
0000005	2021	7	10	68.83
0000005	2021	7	11	68.83
0000005	2021	7	12	68.85
0000005	2021	7	13	68.86
0000005	2021	7	14	68.89
0000005	2021	7	15	68.9
0000005	2021	7	16	68.89
0000005	2021	7	17	68.91
0000005	2021	7	18	68.92
0000005	2021	7	19	68.88
0000005	2021	7	20	68.84
0000005	2021	7	21	68.85
0000005	2021	7	22	68.87
0000005	2021	7	23	68.88
0000005	2021	7	24	68.88
0000005	2021	7	25	68.9
0000005	2021	7	26	68.91
0000005	2021	7	27	68.93
0000005	2021	7	28	68.84
0000005	2021	7	29	68.84
0000005	2021	7	30	68.84
0000005	2021	7	31	68.87
0000005	2021	8	1	68.89
0000005	2021	8	2	68.9
0000005	2021	8	3	68.91
0000005	2021	8	4	68.93
0000005	2021	8	5	68.96
0000005	2021	8	6	68.98
0000005	2021	8	7	68.99
0000005	2021	8	8	69.01
0000005	2021	8	9	69.03
0000005	2021	8	10	69.06
0000005	2021	8	11	69.05
0000005	2021	8	12	69.02
0000005	2021	8	13	69
0000005	2021	8	14	69
0000005	2021	8	15	68.96
0000005	2021	8	16	68.91
0000005	2021	8	17	68.88
0000005	2021	8	18	68.95
0000005	2021	8	19	68.97
0000005	2021	8	20	68.93
0000005	2021	8	21	68.88
0000005	2021	8	22	68.89
0000005	2021	8	23	68.9
0000005	2021	8	24	68.93
0000005	2021	8	25	68.97
0000005	2021	8	26	68.99
0000005	2021	8	27	69.01
0000005	2021	8	28	69.01
0000005	2021	8	29	69.01
0000005	2021	8	30	68.97
0000005	2021	8	31	68.86
0000005	2021	9	1	68.81
0000005	2021	9	2	68.81
0000005	2021	9	3	68.86
0000005	2021	9	4	68.89
0000005	2021	9	5	68.91
0000005	2021	9	6	68.92
0000005	2021	9	7	68.94
0000005	2021	9	8	68.94
0000005	2021	9	9	68.93
0000005	2021	9	10	68.96
0000005	2021	9	11	69
0000005	2021	9	12	69.03
0000005	2021	9	13	69.04
0000005	2021	9	14	69.03
0000005	2021	9	15	69
0000005	2021	9	16	68.99
0000005	2021	9	17	69.01
0000005	2021	9	18	68.99
0000005	2021	9	19	68.89
0000005	2021	9	20	68.9
0000005	2021	9	21	68.92
0000005	2021	9	22	68.93
0000005	2021	9	23	68.96
0000005	2021	9	24	68.99
0000005	2021	9	25	69
0000005	2021	9	26	69.02
0000005	2021	9	27	69.03
0000005	2021	9	28	69.03
