00000012	1951	6	4	45
00000012	1968	6	11	49.1
00000012	1982	8	20	51
00000012	1983	11	8	50.32
00000012	1984	4	23	48.82
00000012	1984	10	30	50.18
00000012	1985	4	24	49.29
00000012	1985	10	28	52.71
00000012	1986	4	15	50.45
00000012	1986	10	22	55.99
00000012	1987	3	30	49.72
00000012	1987	10	6	53.08
00000012	1988	3	28	51.46
00000012	1988	10	27	52.85
00000012	1989	3	31	51.3
00000012	1989	11	2	53.65
00000012	1990	4	3	52.4
00000012	1990	10	3	55.09
00000012	1991	4	5	52.92
00000012	1991	10	10	54.83
00000012	1992	3	31	52.34
00000012	1992	10	12	54.22
00000012	1993	4	6	52.75
00000012	1993	10	13	55.22
00000012	1994	10	19	56.88
00000012	1995	10	20	56.19
00000012	1996	10	16	59.11
00000012	1997	10	16	53.76
00000012	1998	10	5	54.72
00000012	1999	10	4	49.67
00000012	1999	10	8	56.1
00000012	2000	10	2	57.39
00000012	2001	10	5	56.6
00000012	2002	10	4	56.9
00000012	2003	10	15	56.69
00000012	2006	10	13	57.03
00000012	2007	11	15	58.88
00000012	2008	10	16	60.33
00000012	2009	10	29	52.57
00000012	2010	10	19	59.26
00000012	2012	10	18	56.35
00000012	2015	7	6	59.67
00000012	2015	9	2	55.028
00000012	2015	9	3	55.068
00000012	2015	9	4	55.064
00000012	2015	9	5	55.084
00000012	2015	9	6	55.103
00000012	2015	9	7	55.119
00000012	2015	9	8	55.123
00000012	2015	9	9	55.111
00000012	2015	9	10	55.05
00000012	2015	9	11	55.069
00000012	2015	9	12	55.089
00000012	2015	9	13	55.134
00000012	2015	9	14	55.172
00000012	2015	9	15	55.197
00000012	2015	9	16	55.208
00000012	2015	9	17	55.218
00000012	2015	9	18	55.293
00000012	2015	9	19	55.359
00000012	2015	9	20	55.414
00000012	2015	9	21	55.447
00000012	2015	9	22	55.424
00000012	2015	9	23	55.443
00000012	2015	9	24	55.47
00000012	2015	9	25	55.488
00000012	2015	9	26	55.516
00000012	2015	9	27	55.537
00000012	2015	9	28	55.528
00000012	2015	9	29	55.52
00000012	2015	9	30	55.54
00000012	2015	10	1	55.561
00000012	2015	10	2	55.56
00000012	2015	10	3	55.566
00000012	2015	10	4	55.592
00000012	2015	10	5	55.624
00000012	2015	10	6	55.651
00000012	2015	10	7	55.668
00000012	2015	10	8	55.694
00000012	2015	10	9	55.713
00000012	2015	10	10	55.724
00000012	2015	10	11	55.762
00000012	2015	10	12	55.84
00000012	2015	10	13	55.841
00000012	2015	10	14	55.864
00000012	2015	10	15	55.883
00000012	2015	10	16	55.904
00000012	2015	10	17	55.936
00000012	2015	10	18	55.961
00000012	2015	10	19	55.972
00000012	2015	10	20	55.974
00000012	2015	10	21	56.002
00000012	2015	10	22	56.094
00000012	2015	10	23	56.138
00000012	2015	10	24	56.165
00000012	2015	10	25	56.131
00000012	2015	10	26	56.119
00000012	2015	10	27	56.106
00000012	2015	10	28	56.026
00000012	2015	10	29	56.025
00000012	2015	10	30	56.04
00000012	2015	10	31	55.982
00000012	2015	11	1	55.833
00000012	2015	11	2	55.794
00000012	2015	11	3	55.806
00000012	2015	11	4	55.809
00000012	2015	11	5	55.792
00000012	2015	11	6	55.763
00000012	2015	11	7	55.718
00000012	2015	11	8	55.68
00000012	2015	11	9	55.642
00000012	2015	11	10	55.636
00000012	2015	11	11	55.621
00000012	2015	11	12	55.618
00000012	2015	11	13	55.645
00000012	2015	11	14	55.662
00000012	2015	11	15	55.643
00000012	2015	11	16	55.597
00000012	2015	11	17	55.552
00000012	2015	11	18	55.427
00000012	2015	11	19	55.406
00000012	2015	11	20	55.393
00000012	2015	11	21	55.352
00000012	2015	11	22	55.356
00000012	2015	11	23	55.353
00000012	2015	11	24	55.334
00000012	2015	11	25	55.323
00000012	2015	11	26	55.318
00000012	2015	11	27	55.278
00000012	2015	11	28	55.243
00000012	2015	11	29	55.212
00000012	2015	11	30	55.188
00000012	2015	12	1	55.154
00000012	2015	12	2	55.094
00000012	2015	12	3	55.136
00000012	2015	12	4	55.158
00000012	2015	12	5	55.153
00000012	2015	12	6	55.112
00000012	2015	12	7	55.064
00000012	2015	12	8	55.038
00000012	2015	12	9	55.013
00000012	2015	12	10	54.998
00000012	2015	12	11	55.002
00000012	2015	12	12	55.022
00000012	2015	12	13	54.975
00000012	2015	12	14	54.911
00000012	2015	12	15	54.932
00000012	2015	12	16	54.93
00000012	2015	12	17	54.893
00000012	2015	12	18	54.968
00000012	2015	12	19	55.015
00000012	2015	12	20	54.986
00000012	2015	12	21	54.925
00000012	2015	12	22	54.863
00000012	2015	12	23	54.784
00000012	2015	12	24	54.736
00000012	2015	12	25	54.623
00000012	2015	12	26	54.464
00000012	2015	12	27	54.459
00000012	2015	12	28	54.342
00000012	2015	12	29	54.315
00000012	2015	12	30	54.24
00000012	2015	12	31	54.173
00000012	2016	1	1	54.136
00000012	2016	1	2	54.059
00000012	2016	1	3	53.938
00000012	2016	1	4	53.868
00000012	2016	1	5	53.809
00000012	2016	1	6	53.693
00000012	2016	1	7	53.563
00000012	2016	1	8	53.471
00000012	2016	1	9	53.373
00000012	2016	1	10	53.362
00000012	2016	1	11	53.329
00000012	2016	1	12	53.259
00000012	2016	1	13	53.211
00000012	2016	1	14	53.143
00000012	2016	1	15	53.006
00000012	2016	1	16	53.003
00000012	2016	1	17	53.01
00000012	2016	1	18	53.027
00000012	2016	1	19	53.004
00000012	2016	1	20	52.92
00000012	2016	1	21	52.843
00000012	2016	1	22	52.702
00000012	2016	1	23	52.748
00000012	2016	1	24	52.732
00000012	2016	1	25	52.699
00000012	2016	1	26	52.638
00000012	2016	1	27	52.572
00000012	2016	1	28	52.525
00000012	2016	1	29	52.512
00000012	2016	1	30	52.491
00000012	2016	1	31	52.448
00000012	2016	2	1	52.413
00000012	2016	2	2	52.382
00000012	2016	2	3	52.272
00000012	2016	2	4	52.331
00000012	2016	2	5	52.346
00000012	2016	2	6	52.306
00000012	2016	2	7	52.262
00000012	2016	2	8	52.207
00000012	2016	2	9	52.217
00000012	2016	2	10	52.252
00000012	2016	2	11	52.236
00000012	2016	2	12	52.248
00000012	2016	2	13	52.304
00000012	2016	2	14	52.269
00000012	2016	2	15	52.184
00000012	2016	2	16	52.165
00000012	2016	2	17	52.252
00000012	2016	2	18	52.292
00000012	2016	2	19	52.277
00000012	2016	2	20	52.257
00000012	2016	2	21	52.228
00000012	2016	2	22	52.153
00000012	2016	2	23	52.02
00000012	2016	2	24	51.954
00000012	2016	2	25	52.056
00000012	2016	2	26	52.067
00000012	2016	2	27	52.029
00000012	2016	2	28	51.983
00000012	2016	2	29	51.948
00000012	2016	3	1	51.91
00000012	2016	3	2	51.915
00000012	2016	3	3	51.856
00000012	2016	3	4	51.843
00000012	2016	3	5	51.844
00000012	2016	3	6	51.847
00000012	2016	3	7	51.832
00000012	2016	3	8	51.82
00000012	2016	3	9	51.807
00000012	2016	3	10	51.809
00000012	2016	3	11	51.766
00000012	2016	3	12	51.744
00000012	2016	3	13	51.681
00000012	2016	3	14	51.684
00000012	2016	3	15	51.689
00000012	2016	3	16	51.706
00000012	2016	3	17	51.702
00000012	2016	3	18	51.663
00000012	2016	3	19	51.628
00000012	2016	3	20	51.672
00000012	2016	3	21	51.705
00000012	2016	3	22	51.683
00000012	2016	3	23	51.656
00000012	2016	3	24	51.603
00000012	2016	3	25	51.598
00000012	2016	3	26	51.621
00000012	2016	3	27	51.607
00000012	2016	3	28	51.604
00000012	2016	3	29	51.621
00000012	2016	3	30	51.612
00000012	2016	3	31	51.55
00000012	2016	4	1	51.403
00000012	2016	4	2	51.486
00000012	2016	4	3	51.513
00000012	2016	4	4	51.493
00000012	2016	4	5	51.502
00000012	2016	4	6	51.454
00000012	2016	4	7	51.416
00000012	2016	4	8	51.449
00000012	2016	4	9	51.483
00000012	2016	4	10	51.497
00000012	2016	4	11	51.461
00000012	2016	4	12	51.368
00000012	2016	4	13	51.39
00000012	2016	4	14	51.357
00000012	2016	4	15	51.369
00000012	2016	4	16	51.377
00000012	2016	4	17	51.388
00000012	2016	4	18	51.377
00000012	2016	4	19	51.351
00000012	2016	4	20	51.332
00000012	2016	4	21	51.319
00000012	2016	4	22	51.266
00000012	2016	4	23	51.266
00000012	2016	4	24	51.269
00000012	2016	4	25	51.264
00000012	2016	4	26	51.256
00000012	2016	4	27	51.248
00000012	2016	4	28	51.272
00000012	2016	4	29	51.292
00000012	2016	4	30	51.264
00000012	2016	5	1	51.299
00000012	2016	5	2	51.287
00000012	2016	5	3	51.279
00000012	2016	5	4	51.288
00000012	2016	5	5	51.316
00000012	2016	5	6	51.357
00000012	2016	5	7	51.38
00000012	2016	5	8	51.397
00000012	2016	5	9	51.422
00000012	2016	5	10	51.448
00000012	2016	5	11	51.484
00000012	2016	5	12	51.507
00000012	2016	5	13	51.512
00000012	2016	5	14	51.542
00000012	2016	5	15	51.602
00000012	2016	5	16	51.629
00000012	2016	5	17	51.638
00000012	2016	5	18	51.662
00000012	2016	5	19	51.706
00000012	2016	5	20	51.745
00000012	2016	5	21	51.814
00000012	2016	5	22	51.897
00000012	2016	5	23	51.983
00000012	2016	5	24	52.097
00000012	2016	5	25	52.215
00000012	2016	5	26	52.327
00000012	2016	5	27	52.416
00000012	2016	5	28	52.534
00000012	2016	5	29	52.645
00000012	2016	5	30	52.732
00000012	2016	5	31	52.836
00000012	2016	6	1	52.984
00000012	2016	6	2	53.068
00000012	2016	6	3	53.195
00000012	2016	6	4	53.265
00000012	2016	6	5	53.265
00000012	2016	6	6	53.368
00000012	2016	6	7	53.441
00000012	2016	6	8	53.498
00000012	2016	6	9	53.618
00000012	2016	6	10	53.713
00000012	2016	6	11	53.78
00000012	2016	6	12	53.784
00000012	2016	6	13	53.876
00000012	2016	6	14	53.931
00000012	2016	6	15	53.899
00000012	2016	6	16	53.903
00000012	2016	6	17	53.921
00000012	2016	6	18	53.923
00000012	2016	6	19	53.916
00000012	2016	6	20	53.954
00000012	2016	6	21	53.924
00000012	2016	6	22	53.877
00000012	2016	6	23	53.926
00000012	2016	6	24	53.947
00000012	2016	6	25	53.954
00000012	2016	6	26	53.918
00000012	2016	6	27	53.919
00000012	2016	6	28	53.908
00000012	2016	6	29	53.88
00000012	2016	6	30	53.882
00000012	2016	7	1	53.917
00000012	2016	7	2	53.979
00000012	2016	7	3	54.036
00000012	2016	7	4	54.098
00000012	2016	7	5	54.165
00000012	2016	7	6	54.228
00000012	2016	7	7	54.287
00000012	2016	7	8	54.36
00000012	2016	7	9	54.425
00000012	2016	7	10	54.463
00000012	2016	7	11	54.471
00000012	2016	7	12	54.542
00000012	2016	7	13	54.585
00000012	2016	7	14	54.579
00000012	2016	7	15	54.619
00000012	2016	7	16	54.65
00000012	2016	7	17	54.644
00000012	2016	7	18	54.674
00000012	2016	7	19	54.693
00000012	2016	7	20	54.707
00000012	2016	7	21	54.717
00000012	2016	7	22	54.701
00000012	2016	7	23	54.717
00000012	2016	7	24	54.752
00000012	2016	7	25	54.8
00000012	2016	7	26	54.857
00000012	2016	7	27	54.889
00000012	2016	7	28	54.919
00000012	2016	7	29	54.947
00000012	2016	7	30	54.973
00000012	2016	7	31	54.979
00000012	2016	8	1	55.004
00000012	2016	8	2	55.017
00000012	2016	8	3	55.015
00000012	2016	8	4	55.031
00000012	2016	8	5	55.061
00000012	2016	8	6	55.087
00000012	2016	8	7	55.118
00000012	2016	8	8	55.143
00000012	2016	8	9	55.171
00000012	2016	8	10	55.202
00000012	2016	8	11	55.214
00000012	2016	8	12	55.218
00000012	2016	8	13	55.236
00000012	2016	8	14	55.256
00000012	2016	8	15	55.283
00000012	2016	8	16	55.298
00000012	2016	8	17	55.31
00000012	2016	8	18	55.315
00000012	2016	8	19	55.306
00000012	2016	8	20	55.265
00000012	2016	8	21	55.259
00000012	2016	8	22	55.296
00000012	2016	8	23	55.324
00000012	2016	8	24	55.335
00000012	2016	8	25	55.347
00000012	2016	8	26	55.38
00000012	2016	8	27	55.431
00000012	2016	8	28	55.487
00000012	2016	8	29	55.538
00000012	2016	8	30	55.637
00000012	2016	8	31	55.693
00000012	2016	9	1	55.737
00000012	2016	9	2	55.756
00000012	2016	9	3	55.726
00000012	2016	9	4	55.727
00000012	2016	9	5	55.752
00000012	2016	9	6	55.868
00000012	2016	9	7	55.927
00000012	2016	9	8	55.958
00000012	2016	9	9	55.993
00000012	2016	9	10	56.035
00000012	2016	9	11	56.001
00000012	2016	9	12	55.989
00000012	2016	9	13	56.057
00000012	2016	9	14	56.004
00000012	2016	9	15	55.983
00000012	2016	9	16	55.988
00000012	2016	9	17	55.986
00000012	2016	9	18	55.956
00000012	2016	9	19	55.993
00000012	2016	9	20	56.113
00000012	2016	9	21	56.077
00000012	2016	9	22	56.054
00000012	2016	9	23	56.055
00000012	2016	9	24	56.067
00000012	2016	9	25	56.096
00000012	2016	9	26	56.144
00000012	2016	9	27	56.184
00000012	2016	9	28	56.158
00000012	2016	9	29	56.177
00000012	2016	9	30	56.192
00000012	2016	10	1	56.213
00000012	2016	10	2	56.253
00000012	2016	10	3	56.288
00000012	2016	10	4	56.383
00000012	2016	10	5	56.364
00000012	2016	10	6	56.352
00000012	2016	10	7	56.339
00000012	2016	10	8	56.357
00000012	2016	10	9	56.398
00000012	2016	10	10	56.419
00000012	2016	10	11	56.433
00000012	2016	10	12	56.56
00000012	2016	10	13	56.603
00000012	2016	10	14	56.54
00000012	2016	10	15	56.526
00000012	2016	10	16	56.491
00000012	2016	10	17	56.463
00000012	2016	10	18	56.473
00000012	2016	10	19	56.483
00000012	2016	10	20	56.478
00000012	2016	10	21	56.51
00000012	2016	10	22	56.576
00000012	2016	10	23	56.649
00000012	2016	10	24	56.684
00000012	2016	10	25	56.697
00000012	2016	10	26	56.748
00000012	2016	10	27	56.812
00000012	2016	10	28	56.812
00000012	2016	10	29	56.818
00000012	2016	10	30	56.813
00000012	2016	10	31	56.814
00000012	2016	11	1	56.814
00000012	2016	11	2	56.817
00000012	2016	11	3	56.817
00000012	2016	11	4	56.818
00000012	2016	11	5	56.815
00000012	2016	11	6	56.815
00000012	2016	11	7	56.817
00000012	2016	11	8	56.817
00000012	2016	11	9	56.818
00000012	2016	11	10	56.818
00000012	2016	11	11	56.817
00000012	2016	11	12	56.818
00000012	2016	11	13	56.817
00000012	2016	11	14	56.819
00000012	2016	11	15	56.818
00000012	2016	11	16	56.818
00000012	2016	11	17	56.818
00000012	2016	11	18	56.818
00000012	2016	11	19	56.818
00000012	2016	11	20	56.82
00000012	2016	11	21	56.818
00000012	2016	11	22	56.818
00000012	2016	11	23	56.817
00000012	2016	11	24	56.818
00000012	2016	11	25	56.82
00000012	2016	11	26	56.818
00000012	2016	11	27	56.818
00000012	2016	11	28	56.815
00000012	2016	11	29	56.815
00000012	2016	11	30	56.815
00000012	2016	12	1	56.819
00000012	2016	12	2	56.818
00000012	2016	12	3	56.819
00000012	2016	12	4	56.818
00000012	2016	12	5	56.819
00000012	2016	12	6	56.82
00000012	2016	12	7	56.818
00000012	2016	12	8	56.82
00000012	2016	12	9	56.82
00000012	2016	12	10	56.82
00000012	2016	12	11	56.82
00000012	2016	12	12	56.819
00000012	2016	12	13	56.82
00000012	2016	12	14	56.82
00000012	2016	12	15	56.819
00000012	2016	12	16	56.819
00000012	2016	12	17	56.82
00000012	2016	12	18	56.82
00000012	2016	12	19	56.82
00000012	2016	12	20	56.821
00000012	2016	12	21	56.82
00000012	2016	12	22	56.819
00000012	2016	12	23	56.82
00000012	2016	12	24	56.82
00000012	2016	12	25	56.82
00000012	2016	12	26	56.82
00000012	2016	12	27	56.82
00000012	2016	12	28	56.82
00000012	2016	12	29	56.819
00000012	2016	12	30	56.82
00000012	2016	12	31	56.82
00000012	2017	1	1	56.82
00000012	2017	1	2	56.746
00000012	2017	1	3	56.632
00000012	2017	1	4	56.632
00000012	2017	1	5	56.582
00000012	2017	1	6	56.553
00000012	2017	1	7	56.572
00000012	2017	1	8	56.579
00000012	2017	1	9	56.514
00000012	2017	1	10	56.443
00000012	2017	1	11	56.418
00000012	2017	1	12	56.431
00000012	2017	1	13	56.452
00000012	2017	1	14	56.437
00000012	2017	1	15	56.4
00000012	2017	1	16	56.373
00000012	2017	1	17	56.347
00000012	2017	1	18	56.319
00000012	2017	1	19	56.23
00000012	2017	1	20	56.119
00000012	2017	1	21	55.993
00000012	2017	1	22	55.878
00000012	2017	1	23	55.88
00000012	2017	1	24	55.888
00000012	2017	1	25	55.818
00000012	2017	1	26	55.783
00000012	2017	1	27	55.755
00000012	2017	1	28	55.693
00000012	2017	1	29	55.636
00000012	2017	1	30	55.621
00000012	2017	1	31	55.574
00000012	2017	2	1	55.541
00000012	2017	2	2	55.498
00000012	2017	2	3	55.454
00000012	2017	2	4	55.395
00000012	2017	2	5	55.287
00000012	2017	2	6	55.171
00000012	2017	2	7	55.021
00000012	2017	2	8	54.906
00000012	2017	2	9	54.944
00000012	2017	2	10	54.88
00000012	2017	2	11	54.778
00000012	2017	2	12	54.708
00000012	2017	2	13	54.657
00000012	2017	2	14	54.547
00000012	2017	2	15	54.481
00000012	2017	2	16	54.484
00000012	2017	2	17	54.432
00000012	2017	2	18	54.372
00000012	2017	2	19	54.364
00000012	2017	2	20	54.334
00000012	2017	2	21	54.248
00000012	2017	2	22	54.161
00000012	2017	2	23	54.132
00000012	2017	2	24	54.096
00000012	2017	2	25	54.102
00000012	2017	2	26	54.104
00000012	2017	2	27	54.063
00000012	2017	2	28	54.013
00000012	2017	3	1	53.958
00000012	2017	3	2	53.99
00000012	2017	3	3	54.004
00000012	2017	3	4	53.978
00000012	2017	3	5	53.943
00000012	2017	3	6	53.912
00000012	2017	3	7	53.876
00000012	2017	3	8	53.837
00000012	2017	3	9	53.804
00000012	2017	3	10	53.773
00000012	2017	3	11	53.737
00000012	2017	3	12	53.62
00000012	2017	3	13	53.568
00000012	2017	3	14	53.537
00000012	2017	3	15	53.547
00000012	2017	3	16	53.509
00000012	2017	3	17	53.458
00000012	2017	3	18	53.404
00000012	2017	3	19	53.387
00000012	2017	3	20	53.362
00000012	2017	3	21	53.335
00000012	2017	3	22	53.346
00000012	2017	3	23	53.364
00000012	2017	3	24	53.361
00000012	2017	3	25	53.299
00000012	2017	3	26	53.212
00000012	2017	3	27	53.209
00000012	2017	3	28	53.162
00000012	2017	3	29	53.147
00000012	2017	3	30	53.103
00000012	2017	3	31	53.078
00000012	2017	4	1	53.099
00000012	2017	4	2	53.067
00000012	2017	4	3	52.953
00000012	2017	4	4	52.943
00000012	2017	4	5	52.91
00000012	2017	4	6	52.948
00000012	2017	4	7	52.955
00000012	2017	4	8	52.939
00000012	2017	4	9	52.937
00000012	2017	4	10	52.957
00000012	2017	4	11	52.986
00000012	2017	4	12	53.037
00000012	2017	4	13	53.094
00000012	2017	4	14	53.163
00000012	2017	4	15	53.237
00000012	2017	4	16	53.3
00000012	2017	4	17	53.354
00000012	2017	4	18	53.428
00000012	2017	4	19	53.511
00000012	2017	4	20	53.569
00000012	2017	4	21	53.618
00000012	2017	4	22	53.668
00000012	2017	4	23	53.689
00000012	2017	4	24	53.748
00000012	2017	4	25	53.81
00000012	2017	4	26	53.869
00000012	2017	4	27	53.932
00000012	2017	4	28	54.023
00000012	2017	4	29	54.078
00000012	2017	4	30	54.073
00000012	2017	5	1	53.972
00000012	2017	5	2	54.013
00000012	2017	5	3	53.994
00000012	2017	5	4	53.916
00000012	2017	5	5	53.906
00000012	2017	5	6	53.912
00000012	2017	5	7	53.923
00000012	2017	5	8	53.919
00000012	2017	5	9	53.905
00000012	2017	5	10	53.889
00000012	2017	5	11	53.873
00000012	2017	5	12	53.853
00000012	2017	5	13	53.87
00000012	2017	5	14	53.936
00000012	2017	5	15	53.97
00000012	2017	5	16	54
00000012	2017	5	17	54.023
00000012	2017	5	18	54.071
00000012	2017	5	19	54.102
00000012	2017	5	20	54.1
00000012	2017	5	21	54.053
00000012	2017	5	22	54.024
00000012	2017	5	23	53.903
00000012	2017	5	24	53.858
00000012	2017	5	25	53.899
00000012	2017	5	26	53.914
00000012	2017	5	27	53.877
00000012	2017	5	28	53.819
00000012	2017	5	29	53.745
00000012	2017	5	30	53.678
00000012	2017	5	31	53.594
00000012	2017	6	1	53.528
00000012	2017	6	2	53.474
00000012	2017	6	3	53.422
00000012	2017	6	4	53.355
00000012	2017	6	5	53.256
00000012	2017	6	6	53.182
00000012	2017	6	7	53.165
00000012	2017	6	8	53.158
00000012	2017	6	9	53.149
00000012	2017	6	10	53.157
00000012	2017	6	11	53.169
00000012	2017	6	12	53.173
00000012	2017	6	13	53.173
00000012	2017	6	14	53.173
00000012	2017	6	15	53.155
00000012	2017	6	16	53.125
00000012	2017	6	17	53.127
00000012	2017	6	18	53.141
00000012	2017	6	19	53.153
00000012	2017	6	20	53.162
00000012	2017	6	21	53.136
00000012	2017	6	22	52.958
00000012	2017	6	23	52.925
00000012	2017	6	24	52.878
00000012	2017	6	25	52.893
00000012	2017	6	26	52.855
00000012	2017	6	27	52.815
00000012	2017	6	28	52.797
00000012	2017	6	29	52.726
00000012	2017	6	30	52.63
00000012	2017	7	1	52.608
00000012	2017	7	2	52.584
00000012	2017	7	3	52.532
00000012	2017	7	4	52.515
00000012	2017	7	5	52.507
00000012	2017	7	6	52.492
00000012	2017	7	7	52.454
00000012	2017	7	8	52.415
00000012	2017	7	9	52.427
00000012	2017	7	10	52.439
00000012	2017	7	11	52.448
00000012	2017	7	12	52.46
00000012	2017	7	13	52.478
00000012	2017	7	14	52.496
00000012	2017	7	15	52.5
00000012	2017	7	16	52.506
00000012	2017	7	17	52.512
00000012	2017	7	18	52.503
00000012	2017	7	19	52.546
00000012	2017	7	20	52.568
00000012	2017	7	21	52.578
00000012	2017	7	22	52.605
00000012	2017	7	23	52.635
00000012	2017	7	24	52.678
00000012	2017	7	25	52.732
00000012	2017	7	26	52.753
00000012	2017	7	27	52.775
00000012	2017	7	28	52.81
00000012	2017	7	29	52.886
00000012	2017	7	30	53.037
00000012	2017	7	31	53.168
00000012	2017	8	1	53.335
00000012	2017	8	2	53.457
00000012	2017	8	3	53.565
00000012	2017	8	4	53.626
00000012	2017	8	5	53.723
00000012	2017	8	6	53.728
00000012	2017	8	7	53.708
00000012	2017	8	8	53.722
00000012	2017	8	9	53.715
00000012	2017	8	10	53.744
00000012	2017	8	11	53.709
00000012	2017	8	12	53.722
00000012	2017	8	13	53.744
00000012	2017	8	14	53.761
00000012	2017	8	15	53.792
00000012	2017	8	16	53.834
00000012	2017	8	17	53.881
00000012	2017	8	18	53.917
00000012	2017	8	19	53.958
00000012	2017	8	20	54.043
00000012	2017	8	21	54.33
00000012	2017	8	22	54.345
00000012	2017	8	23	54.368
00000012	2017	8	24	54.438
00000012	2017	8	25	54.528
00000012	2017	8	26	54.626
00000012	2017	8	27	54.631
00000012	2017	8	28	54.682
00000012	2017	8	29	54.817
00000012	2017	8	30	54.901
00000012	2017	8	31	54.964
00000012	2017	9	1	55.013
00000012	2017	9	2	55.092
00000012	2017	9	3	55.123
00000012	2017	9	4	55.175
00000012	2017	9	5	55.269
00000012	2017	9	6	55.351
00000012	2017	9	7	55.473
00000012	2017	9	8	55.615
00000012	2017	9	9	55.688
00000012	2017	9	10	55.681
00000012	2017	9	11	55.601
00000012	2017	9	12	55.527
00000012	2017	9	13	55.579
00000012	2017	9	14	55.616
00000012	2017	9	15	55.653
00000012	2017	9	16	55.674
00000012	2017	9	17	55.673
00000012	2017	9	18	55.69
00000012	2017	9	19	55.697
00000012	2017	9	20	55.703
00000012	2017	9	21	55.73
00000012	2017	9	22	55.755
00000012	2017	9	23	55.784
00000012	2017	9	24	55.819
00000012	2017	9	25	55.842
00000012	2017	9	26	55.874
00000012	2017	9	27	55.905
00000012	2017	9	28	55.939
00000012	2017	9	29	55.98
00000012	2017	9	30	56.03
00000012	2017	10	1	56.077
00000012	2017	10	2	56.118
00000012	2017	10	3	56.168
00000012	2017	10	4	56.196
00000012	2017	10	5	56.202
00000012	2017	10	6	56.216
00000012	2017	10	7	56.198
00000012	2017	10	8	55.88
00000012	2017	10	9	55.952
00000012	2017	10	10	55.976
00000012	2017	10	11	55.958
00000012	2017	10	12	55.937
00000012	2017	10	13	56.005
00000012	2017	10	14	56.034
00000012	2017	10	15	55.954
00000012	2017	10	16	55.927
00000012	2017	10	17	55.987
00000012	2017	10	18	56.014
00000012	2017	10	19	56.024
00000012	2017	10	20	56.038
00000012	2017	10	21	56.066
00000012	2017	10	22	55.999
00000012	2017	10	23	55.868
00000012	2017	10	24	55.938
00000012	2017	10	25	55.966
00000012	2017	10	26	55.978
00000012	2017	10	27	55.974
00000012	2017	10	28	55.928
00000012	2017	10	29	55.859
00000012	2017	10	30	55.836
00000012	2017	10	31	55.896
00000012	2017	11	1	55.908
00000012	2017	11	2	55.928
00000012	2017	11	3	55.936
00000012	2017	11	4	55.929
00000012	2017	11	5	55.872
00000012	2017	11	6	55.843
00000012	2017	11	7	55.886
00000012	2017	11	8	55.895
00000012	2017	11	9	55.888
00000012	2017	11	10	55.891
00000012	2017	11	11	55.889
00000012	2017	11	12	55.805
00000012	2017	11	13	55.746
00000012	2017	11	14	55.763
00000012	2017	11	15	55.764
00000012	2017	11	16	55.772
00000012	2017	11	17	55.763
00000012	2017	11	18	55.638
00000012	2017	11	19	55.627
00000012	2017	11	20	55.6
00000012	2017	11	21	55.548
00000012	2017	11	22	55.536
00000012	2017	11	23	55.499
00000012	2017	11	24	55.472
00000012	2017	11	25	55.467
00000012	2017	11	26	55.485
00000012	2017	11	27	55.473
00000012	2017	11	28	55.478
00000012	2017	11	29	55.469
00000012	2017	11	30	55.442
00000012	2017	12	1	55.442
00000012	2017	12	2	55.441
00000012	2017	12	3	55.437
00000012	2017	12	4	55.429
00000012	2017	12	5	55.41
00000012	2017	12	6	55.403
00000012	2017	12	7	55.395
00000012	2017	12	8	55.322
00000012	2017	12	9	55.312
00000012	2017	12	10	55.359
00000012	2017	12	11	55.324
00000012	2017	12	12	55.313
00000012	2017	12	13	55.317
00000012	2017	12	14	55.308
00000012	2017	12	15	55.341
00000012	2017	12	16	55.353
00000012	2017	12	17	55.294
00000012	2017	12	18	55.278
00000012	2017	12	19	55.257
00000012	2017	12	20	55.157
00000012	2017	12	21	55.174
00000012	2017	12	22	55.165
00000012	2017	12	23	55.123
00000012	2017	12	24	55.123
00000012	2017	12	25	55.146
00000012	2017	12	26	55.124
00000012	2017	12	27	55.092
00000012	2017	12	28	55.06
00000012	2017	12	29	55.029
00000012	2017	12	30	54.997
00000012	2017	12	31	55.003
00000012	2018	1	1	55.05
00000012	2018	1	2	55.079
00000012	2018	1	3	55.339
00000012	2018	1	4	55.24
00000012	2018	1	5	55.22
00000012	2018	1	6	55.226
00000012	2018	1	7	55.224
00000012	2018	1	8	55.172
00000012	2018	1	9	55.185
00000012	2018	1	10	55.205
00000012	2018	1	11	55.195
00000012	2018	1	12	55.185
00000012	2018	1	13	55.293
00000012	2018	1	14	55.31
00000012	2018	1	15	55.293
00000012	2018	1	16	55.306
00000012	2018	1	17	55.334
00000012	2018	1	18	55.331
00000012	2018	1	19	55.327
00000012	2018	1	20	55.34
00000012	2018	1	21	55.353
00000012	2018	1	22	55.334
00000012	2018	1	23	55.394
00000012	2018	1	24	55.467
00000012	2018	1	25	55.513
00000012	2018	1	26	55.519
00000012	2018	1	27	55.491
00000012	2018	1	28	55.382
00000012	2018	1	29	55.386
00000012	2018	1	30	55.422
00000012	2018	1	31	55.374
00000012	2018	2	1	55.336
00000012	2018	2	2	55.368
00000012	2018	2	3	55.313
00000012	2018	2	4	55.164
00000012	2018	2	5	55.194
00000012	2018	2	6	55.175
00000012	2018	2	7	55.083
00000012	2018	2	8	55.103
00000012	2018	2	9	55.047
00000012	2018	2	10	54.958
00000012	2018	2	11	54.853
00000012	2018	2	12	54.863
00000012	2018	2	13	54.863
00000012	2018	2	14	54.805
00000012	2018	2	15	54.728
00000012	2018	2	16	54.683
00000012	2018	2	17	54.652
00000012	2018	2	18	54.634
00000012	2018	2	19	54.607
00000012	2018	2	20	54.587
00000012	2018	2	21	54.577
00000012	2018	2	22	54.574
00000012	2018	2	23	54.55
00000012	2018	2	24	54.502
00000012	2018	2	25	54.483
00000012	2018	2	26	54.423
00000012	2018	2	27	54.428
00000012	2018	2	28	54.362
00000012	2018	3	1	54.333
00000012	2018	3	2	54.369
00000012	2018	3	3	54.349
00000012	2018	3	4	54.318
00000012	2018	3	5	54.266
00000012	2018	3	6	54.188
00000012	2018	3	7	54.216
00000012	2018	3	8	54.218
00000012	2018	3	9	54.203
00000012	2018	3	10	54.157
00000012	2018	3	11	54.052
00000012	2018	3	12	54.094
00000012	2018	3	13	54.105
00000012	2018	3	14	54.101
00000012	2018	3	15	54.072
00000012	2018	3	16	54.055
00000012	2018	3	17	54.029
00000012	2018	3	18	54.019
00000012	2018	3	19	53.964
00000012	2018	3	20	53.986
00000012	2018	3	21	54.056
00000012	2018	3	22	54.097
00000012	2018	3	23	54.083
00000012	2018	3	24	54.038
00000012	2018	3	25	54.051
00000012	2018	3	26	54.121
00000012	2018	3	27	54.123
00000012	2018	3	28	54.093
00000012	2018	3	29	54.056
00000012	2018	3	30	54.058
00000012	2018	3	31	54.083
00000012	2018	4	1	54.054
00000012	2018	4	2	54.038
00000012	2018	4	3	54.025
00000012	2018	4	4	54.052
00000012	2018	4	5	54.068
00000012	2018	4	6	54.028
00000012	2018	4	7	53.968
00000012	2018	4	8	53.988
00000012	2018	4	9	53.989
00000012	2018	4	10	54.005
00000012	2018	4	11	54.008
00000012	2018	4	12	53.986
00000012	2018	4	13	53.976
00000012	2018	4	14	53.9
00000012	2018	4	15	53.708
00000012	2018	4	16	53.85
00000012	2018	4	17	53.843
00000012	2018	4	18	53.823
00000012	2018	4	19	53.842
00000012	2018	4	20	53.868
00000012	2018	4	21	53.862
00000012	2018	4	22	53.798
00000012	2018	4	23	53.73
00000012	2018	4	24	53.747
00000012	2018	4	25	53.745
00000012	2018	4	26	53.69
00000012	2018	4	27	53.707
00000012	2018	4	28	53.737
00000012	2018	4	29	53.784
00000012	2018	4	30	53.799
00000012	2018	5	1	53.808
00000012	2018	5	2	53.832
00000012	2018	5	3	53.853
00000012	2018	5	4	53.868
00000012	2018	5	5	53.877
00000012	2018	5	6	53.901
00000012	2018	5	7	53.935
00000012	2018	5	8	53.965
00000012	2018	5	9	53.999
00000012	2018	5	10	54.038
00000012	2018	5	11	54.1
00000012	2018	5	12	54.148
00000012	2018	5	13	54.176
00000012	2018	5	14	54.205
00000012	2018	5	15	54.257
00000012	2018	5	16	54.335
00000012	2018	5	17	54.345
00000012	2018	5	18	54.373
00000012	2018	5	19	54.432
00000012	2018	5	20	54.474
00000012	2018	5	21	54.507
00000012	2018	5	22	54.515
00000012	2018	5	23	54.537
00000012	2018	5	24	54.55
00000012	2018	5	25	54.515
00000012	2018	5	26	54.502
00000012	2018	5	27	54.518
00000012	2018	5	28	54.502
00000012	2018	5	29	54.365
00000012	2018	5	30	54.23
00000012	2018	5	31	54.283
00000012	2018	6	1	54.262
00000012	2018	6	2	54.221
00000012	2018	6	3	54.208
00000012	2018	6	4	54.207
00000012	2018	6	5	54.183
00000012	2018	6	6	54.185
00000012	2018	6	7	54.219
00000012	2018	6	8	54.252
00000012	2018	6	9	54.276
00000012	2018	6	10	54.29
00000012	2018	6	11	54.277
00000012	2018	6	12	54.278
00000012	2018	6	13	54.325
00000012	2018	6	14	54.292
00000012	2018	6	15	54.274
00000012	2018	6	16	54.282
00000012	2018	6	17	54.291
00000012	2018	6	18	54.268
00000012	2018	6	19	54.272
00000012	2018	6	20	54.281
00000012	2018	6	21	54.283
00000012	2018	6	22	54.291
00000012	2018	6	23	54.324
00000012	2018	6	24	54.357
00000012	2018	6	25	54.379
00000012	2018	6	26	54.405
00000012	2018	6	27	54.421
00000012	2018	6	28	54.443
00000012	2018	6	29	54.462
00000012	2018	6	30	54.483
00000012	2018	7	1	54.493
00000012	2018	7	2	54.525
00000012	2018	7	3	54.553
00000012	2018	7	4	54.582
00000012	2018	7	5	54.589
00000012	2018	7	6	54.62
00000012	2018	7	7	54.688
00000012	2018	7	8	54.703
00000012	2018	7	9	54.747
00000012	2018	7	10	54.793
00000012	2018	7	11	54.834
00000012	2018	7	12	54.865
00000012	2018	7	13	54.917
00000012	2018	7	14	54.931
00000012	2018	7	15	54.902
00000012	2018	7	16	54.928
00000012	2018	7	17	55.157
00000012	2018	7	18	55.131
00000012	2018	7	19	55.069
00000012	2018	7	20	55.056
00000012	2018	7	21	55.048
00000012	2018	7	22	55.055
00000012	2018	7	23	55.091
00000012	2018	7	24	55.196
00000012	2018	7	25	55.266
00000012	2018	7	26	55.321
00000012	2018	7	27	55.368
00000012	2018	7	28	55.421
00000012	2018	7	29	55.444
00000012	2018	7	30	55.446
00000012	2018	7	31	55.488
00000012	2018	8	1	55.442
00000012	2018	8	2	55.373
00000012	2018	8	3	55.367
00000012	2018	8	4	55.364
00000012	2018	8	5	55.363
00000012	2018	8	6	55.354
00000012	2018	8	7	55.35
00000012	2018	8	8	55.35
00000012	2018	8	9	55.34
00000012	2018	8	10	55.305
00000012	2018	8	11	55.307
00000012	2018	8	12	55.323
00000012	2018	8	13	55.317
00000012	2018	8	14	55.316
00000012	2018	8	15	55.327
00000012	2018	8	16	55.349
00000012	2018	8	17	55.353
00000012	2018	8	18	55.334
00000012	2018	8	19	55.299
00000012	2018	8	20	55.279
00000012	2018	8	21	55.278
00000012	2018	8	22	55.303
00000012	2018	8	23	55.314
00000012	2018	8	24	55.329
00000012	2018	8	25	55.355
00000012	2018	8	26	55.369
00000012	2018	8	27	55.396
00000012	2018	8	28	55.463
00000012	2018	8	29	55.495
00000012	2018	8	30	55.462
00000012	2018	8	31	55.422
00000012	2018	9	1	55.374
00000012	2018	9	2	55.385
00000012	2018	9	3	55.393
00000012	2018	9	4	55.383
00000012	2018	9	5	55.371
00000012	2018	9	6	55.36
00000012	2018	9	7	55.358
00000012	2018	9	8	55.347
00000012	2018	9	9	55.351
00000012	2018	9	10	55.373
00000012	2018	9	11	55.399
00000012	2018	9	12	55.42
00000012	2018	9	13	55.443
00000012	2018	9	14	55.453
00000012	2018	9	15	55.462
00000012	2018	9	16	55.473
00000012	2018	9	17	55.504
00000012	2018	9	18	55.525
00000012	2018	9	19	55.553
00000012	2018	9	20	55.647
00000012	2018	9	21	55.708
00000012	2018	9	22	55.696
00000012	2018	9	23	55.676
00000012	2018	9	24	55.7
00000012	2018	9	25	55.697
00000012	2018	9	26	55.678
00000012	2018	9	27	55.586
00000012	2018	9	28	55.55
00000012	2018	9	29	55.551
00000012	2018	9	30	55.541
00000012	2018	10	1	55.524
00000012	2018	10	2	55.498
00000012	2018	10	3	55.47
00000012	2018	10	4	55.464
00000012	2018	10	5	55.502
00000012	2018	10	6	55.468
00000012	2018	10	7	55.458
00000012	2018	10	8	55.438
00000012	2018	10	9	55.41
00000012	2018	10	10	55.365
00000012	2018	10	11	55.39
00000012	2018	10	12	55.409
00000012	2018	10	13	55.435
00000012	2018	10	14	55.478
00000012	2018	10	15	55.5
00000012	2018	10	16	55.536
00000012	2018	10	17	55.537
00000012	2018	10	18	55.476
00000012	2018	10	19	55.403
00000012	2018	10	20	55.339
00000012	2018	10	21	55.333
00000012	2018	10	22	55.306
00000012	2018	10	23	55.267
00000012	2018	10	24	55.236
00000012	2018	10	25	55.173
00000012	2018	10	26	55.083
00000012	2018	10	27	55.103
00000012	2018	10	28	55.103
00000012	2018	10	29	55.092
00000012	2018	10	30	55.073
00000012	2018	10	31	55.04
00000012	2018	11	1	54.93
00000012	2018	11	2	54.925
00000012	2018	11	3	54.961
00000012	2018	11	4	54.954
00000012	2018	11	5	54.917
00000012	2018	11	6	54.934
00000012	2018	11	7	54.927
00000012	2018	11	8	54.905
00000012	2018	11	9	54.93
00000012	2018	11	10	54.976
00000012	2018	11	11	54.963
00000012	2018	11	12	54.808
00000012	2018	11	13	54.746
00000012	2018	11	14	54.709
00000012	2018	11	15	54.646
00000012	2018	11	16	54.618
00000012	2018	11	17	54.605
00000012	2018	11	18	54.594
00000012	2018	11	19	54.577
00000012	2018	11	20	54.595
00000012	2018	11	21	54.62
00000012	2018	11	22	54.608
00000012	2018	11	23	54.56
00000012	2018	11	24	54.493
00000012	2018	11	25	54.487
00000012	2018	11	26	54.507
00000012	2018	11	27	54.525
00000012	2018	11	28	54.529
00000012	2018	11	29	54.514
00000012	2018	11	30	54.502
00000012	2018	12	1	54.398
00000012	2018	12	2	54.408
00000012	2018	12	3	54.454
00000012	2018	12	4	54.489
00000012	2018	12	5	54.523
00000012	2018	12	6	54.544
00000012	2018	12	7	54.559
00000012	2018	12	8	54.488
00000012	2018	12	9	54.39
00000012	2018	12	10	54.441
00000012	2018	12	11	54.464
00000012	2018	12	12	54.423
00000012	2018	12	13	54.376
00000012	2018	12	14	54.285
00000012	2018	12	15	54.277
00000012	2018	12	16	54.305
00000012	2018	12	17	54.289
00000012	2018	12	18	54.258
00000012	2018	12	19	54.21
00000012	2018	12	20	54.07
00000012	2018	12	21	54.076
00000012	2018	12	22	54.147
00000012	2018	12	23	54.137
00000012	2018	12	24	54.14
00000012	2018	12	25	54.118
00000012	2018	12	26	54.11
00000012	2018	12	27	54.034
00000012	2018	12	28	53.908
00000012	2018	12	29	53.968
00000012	2018	12	30	53.897
00000012	2018	12	31	53.846
00000012	2019	1	1	53.827
00000012	2019	1	2	53.818
00000012	2019	1	3	53.762
00000012	2019	1	4	53.643
00000012	2019	1	5	53.711
00000012	2019	1	6	53.709
00000012	2019	1	7	53.685
00000012	2019	1	8	53.667
00000012	2019	1	9	53.674
00000012	2019	1	10	53.667
00000012	2019	1	11	53.658
00000012	2019	1	12	53.627
00000012	2019	1	13	53.617
00000012	2019	1	14	53.65
00000012	2019	1	15	53.651
00000012	2019	1	16	53.648
00000012	2019	1	17	53.632
00000012	2019	1	18	53.612
00000012	2019	1	19	53.518
00000012	2019	1	20	53.581
00000012	2019	1	21	53.626
00000012	2019	1	22	53.612
00000012	2019	1	23	53.473
00000012	2019	1	24	53.451
00000012	2019	1	25	53.53
00000012	2019	1	26	53.517
00000012	2019	1	27	53.482
00000012	2019	1	28	53.452
00000012	2019	1	29	53.463
00000012	2019	1	30	53.499
00000012	2019	1	31	53.51
00000012	2019	2	1	53.504
00000012	2019	2	2	53.496
00000012	2019	2	3	53.487
00000012	2019	2	4	53.501
00000012	2019	2	5	53.521
00000012	2019	2	6	53.529
00000012	2019	2	7	53.541
00000012	2019	2	8	53.623
00000012	2019	2	9	53.653
00000012	2019	2	10	53.633
00000012	2019	2	11	53.598
00000012	2019	2	12	53.561
00000012	2019	2	13	53.616
00000012	2019	2	14	53.595
00000012	2019	2	15	53.565
00000012	2019	2	16	53.545
00000012	2019	2	17	53.552
00000012	2019	2	18	53.61
00000012	2019	2	19	53.578
00000012	2019	2	20	53.488
00000012	2019	2	21	53.44
00000012	2019	2	22	53.452
00000012	2019	2	23	53.416
00000012	2019	2	24	53.381
00000012	2019	2	25	53.43
00000012	2019	2	26	53.383
00000012	2019	2	27	53.345
00000012	2019	2	28	53.298
00000012	2019	3	1	53.29
00000012	2019	3	2	53.298
00000012	2019	3	3	53.229
00000012	2019	3	4	53.252
00000012	2019	3	5	53.278
00000012	2019	3	6	53.294
00000012	2019	3	7	53.262
00000012	2019	3	8	53.224
00000012	2019	3	9	53.212
00000012	2019	3	10	53.246
00000012	2019	3	11	53.237
00000012	2019	3	12	53.218
00000012	2019	3	13	53.194
00000012	2019	3	14	53.184
00000012	2019	3	15	53.168
00000012	2019	3	16	53.196
00000012	2019	3	17	53.182
00000012	2019	3	18	53.192
00000012	2019	3	19	53.194
00000012	2019	3	20	53.178
00000012	2019	3	21	53.167
00000012	2019	3	22	53.202
00000012	2019	3	23	53.236
00000012	2019	3	24	53.247
00000012	2019	3	25	53.237
00000012	2019	3	26	53.272
00000012	2019	3	27	53.32
00000012	2019	3	28	53.342
00000012	2019	3	29	53.333
00000012	2019	3	30	53.326
00000012	2019	3	31	53.381
00000012	2019	4	1	53.404
00000012	2019	4	2	53.4
00000012	2019	4	3	53.438
00000012	2019	4	4	53.433
00000012	2019	4	5	53.428
00000012	2019	4	6	53.456
00000012	2019	4	7	53.419
00000012	2019	4	8	53.369
00000012	2019	4	9	53.346
00000012	2019	4	10	53.382
00000012	2019	4	11	53.394
00000012	2019	4	12	53.432
00000012	2019	4	13	53.404
00000012	2019	4	14	53.344
00000012	2019	4	15	53.423
00000012	2019	4	16	53.437
00000012	2019	4	17	53.43
00000012	2019	4	18	53.388
00000012	2019	4	19	53.304
00000012	2019	4	20	53.38
00000012	2019	4	21	53.436
00000012	2019	4	22	53.444
00000012	2019	4	23	53.43
00000012	2019	4	24	53.415
00000012	2019	4	25	53.391
00000012	2019	4	26	53.396
00000012	2019	4	27	53.438
00000012	2019	4	28	53.467
00000012	2019	4	29	53.5
00000012	2019	4	30	53.523
00000012	2019	5	1	53.548
00000012	2019	5	2	53.562
00000012	2019	5	3	53.572
00000012	2019	5	4	53.561
00000012	2019	5	5	53.565
00000012	2019	5	6	53.626
00000012	2019	5	7	53.659
00000012	2019	5	8	53.667
00000012	2019	5	9	53.669
00000012	2019	5	10	53.67
00000012	2019	5	11	53.667
00000012	2019	5	12	53.623
00000012	2019	5	13	53.659
00000012	2019	5	14	53.693
00000012	2019	5	15	53.706
00000012	2019	5	16	53.718
00000012	2019	5	17	53.739
00000012	2019	5	18	53.77
00000012	2019	5	19	53.807
00000012	2019	5	20	53.847
00000012	2019	5	21	53.873
00000012	2019	5	22	53.952
00000012	2019	5	23	54.075
00000012	2019	5	24	54.118
00000012	2019	5	25	54.137
00000012	2019	5	26	54.174
00000012	2019	5	27	54.2
00000012	2019	5	28	54.257
00000012	2019	5	29	54.332
00000012	2019	5	30	54.405
00000012	2019	5	31	54.472
00000012	2019	6	1	54.521
00000012	2019	6	2	54.548
00000012	2019	6	3	54.603
00000012	2019	6	4	54.684
00000012	2019	6	5	54.712
00000012	2019	6	6	54.685
00000012	2019	6	7	54.655
00000012	2019	6	8	54.679
00000012	2019	6	9	54.691
00000012	2019	6	10	54.722
00000012	2019	6	11	54.743
00000012	2019	6	12	54.743
00000012	2019	6	13	54.791
00000012	2019	6	14	54.838
00000012	2019	6	15	54.857
00000012	2019	6	16	54.874
00000012	2019	6	17	54.948
00000012	2019	6	18	54.931
00000012	2019	6	19	54.871
00000012	2019	6	20	54.837
00000012	2019	6	21	54.842
00000012	2019	6	22	54.828
00000012	2019	6	23	54.787
00000012	2019	6	24	54.751
00000012	2019	6	25	54.757
00000012	2019	6	26	54.749
00000012	2019	6	27	54.739
00000012	2019	6	28	54.728
00000012	2019	6	29	54.72
00000012	2019	6	30	54.711
00000012	2019	7	1	54.704
00000012	2019	7	2	54.718
00000012	2019	7	3	54.694
00000012	2019	7	4	54.662
00000012	2019	7	5	54.659
00000012	2019	7	6	54.642
00000012	2019	7	7	54.617
00000012	2019	7	8	54.62
00000012	2019	7	9	54.626
00000012	2019	7	10	54.671
00000012	2019	7	11	54.679
00000012	2019	7	12	54.687
00000012	2019	7	13	54.721
00000012	2019	7	14	54.729
00000012	2019	7	15	54.724
00000012	2019	7	16	54.737
00000012	2019	7	17	54.752
00000012	2019	7	18	54.766
00000012	2019	7	19	54.772
00000012	2019	7	20	54.767
00000012	2019	7	21	54.769
00000012	2019	7	22	54.767
00000012	2019	7	23	54.807
00000012	2019	7	24	54.892
00000012	2019	7	25	54.978
00000012	2019	7	26	55.04
00000012	2019	7	27	55.107
00000012	2019	7	28	55.167
00000012	2019	7	29	55.235
00000012	2019	7	30	55.368
00000012	2019	7	31	55.44
00000012	2019	8	1	55.519
00000012	2019	8	2	55.565
00000012	2019	8	3	55.623
00000012	2019	8	4	55.624
00000012	2019	8	5	55.631
00000012	2019	8	6	55.667
00000012	2019	8	7	55.745
00000012	2019	8	8	55.783
00000012	2019	8	9	55.803
00000012	2019	8	10	55.818
00000012	2019	8	11	55.845
00000012	2019	8	12	55.869
00000012	2019	8	13	55.898
00000012	2019	8	14	55.939
00000012	2019	8	15	55.987
00000012	2019	8	16	56.037
00000012	2019	8	17	56.095
00000012	2019	8	18	56.129
00000012	2019	8	19	56.165
00000012	2019	8	20	56.198
00000012	2019	8	21	56.2
00000012	2019	8	22	56.2
00000012	2019	8	23	56.2
00000012	2019	8	24	56.2
00000012	2019	8	25	56.2
00000012	2019	8	26	56.2
00000012	2019	8	27	56.2
00000012	2019	8	28	56.2
00000012	2019	8	29	56.2
00000012	2019	8	30	56.2
00000012	2019	8	31	56.2
00000012	2019	9	1	56.2
00000012	2019	9	2	56.2
00000012	2019	9	3	56.2
00000012	2019	9	4	56.2
00000012	2019	9	5	56.2
00000012	2019	9	6	56.2
00000012	2019	9	7	56.2
00000012	2019	9	8	56.2
00000012	2019	9	9	56.2
00000012	2019	9	10	56.2
00000012	2019	9	11	56.2
00000012	2019	9	12	56.2
00000012	2019	9	13	56.2
00000012	2019	9	14	56.2
00000012	2019	9	15	56.2
00000012	2019	9	16	56.2
00000012	2019	9	17	56.2
00000012	2019	9	18	56.2
00000012	2019	9	19	56.2
00000012	2019	9	20	56.2
00000012	2019	9	21	56.2
00000012	2019	9	22	56.2
00000012	2019	9	23	56.2
00000012	2019	9	24	56.2
00000012	2019	9	25	56.2
00000012	2019	9	26	56.2
00000012	2019	9	27	56.2
00000012	2019	9	28	56.2
00000012	2019	9	29	56.2
00000012	2019	9	30	56.2
00000012	2019	10	1	56.2
00000012	2019	10	2	56.2
00000012	2019	10	3	56.2
00000012	2019	10	4	56.2
00000012	2019	10	5	56.2
00000012	2019	10	6	56.2
00000012	2019	10	7	56.2
00000012	2019	10	8	56.2
00000012	2019	10	9	56.2
00000012	2019	10	10	56.2
00000012	2019	10	11	56.2
00000012	2019	10	12	56.2
00000012	2019	10	13	56.2
00000012	2019	10	14	56.2
00000012	2019	10	15	56.2
00000012	2019	10	16	56.2
00000012	2019	10	17	56.2
00000012	2019	10	18	56.2
00000012	2019	10	19	56.2
00000012	2019	10	20	56.2
00000012	2019	10	21	56.2
00000012	2019	10	22	56.2
00000012	2019	10	23	56.2
00000012	2019	10	24	56.2
00000012	2019	10	25	56.2
00000012	2019	10	26	56.2
00000012	2019	10	27	56.2
00000012	2019	10	28	56.2
00000012	2019	10	29	56.2
00000012	2019	10	30	56.2
00000012	2019	10	31	56.2
00000012	2019	11	1	56.2
00000012	2019	11	2	56.2
00000012	2019	11	3	56.2
00000012	2019	11	4	56.2
00000012	2019	11	5	56.2
00000012	2019	11	6	56.2
00000012	2019	11	7	58.103
00000012	2019	11	8	60.007
00000012	2019	11	9	60.003
00000012	2019	11	10	60.007
00000012	2019	11	11	60.004
00000012	2019	11	12	59.985
00000012	2019	11	13	59.99
00000012	2019	11	14	59.979
00000012	2019	11	15	59.945
00000012	2019	11	16	59.898
00000012	2019	11	17	59.87
00000012	2019	11	18	59.843
00000012	2019	11	19	59.85
00000012	2019	11	20	59.886
00000012	2019	11	21	59.888
00000012	2019	11	22	59.856
00000012	2019	11	23	59.79
00000012	2019	11	24	59.792
00000012	2019	11	25	59.779
00000012	2019	11	26	59.768
00000012	2019	11	27	59.759
00000012	2019	11	28	59.772
00000012	2019	11	29	59.732
00000012	2019	11	30	59.654
00000012	2019	12	1	59.625
00000012	2019	12	2	59.667
00000012	2019	12	3	59.636
00000012	2019	12	4	59.622
00000012	2019	12	5	59.64
00000012	2019	12	6	59.621
00000012	2019	12	7	59.615
00000012	2019	12	8	59.597
00000012	2019	12	9	59.553
00000012	2019	12	10	59.563
00000012	2019	12	11	59.6
00000012	2019	12	12	59.565
00000012	2019	12	13	59.451
00000012	2019	12	14	59.427
00000012	2019	12	15	59.453
00000012	2019	12	16	59.428
00000012	2019	12	17	59.368
00000012	2019	12	18	59.407
00000012	2019	12	19	59.412
00000012	2019	12	20	59.394
00000012	2019	12	21	59.359
00000012	2019	12	22	59.174
00000012	2019	12	23	59.102
00000012	2019	12	24	59.102
00000012	2019	12	25	59.094
00000012	2019	12	26	59.08
00000012	2019	12	27	59.052
00000012	2019	12	28	58.999
00000012	2019	12	29	58.936
00000012	2019	12	30	58.939
00000012	2019	12	31	58.948
00000012	2020	1	1	58.929
00000012	2020	1	2	58.823
00000012	2020	1	3	58.782
00000012	2020	1	4	58.813
00000012	2020	1	5	58.833
00000012	2020	1	6	58.774
00000012	2020	1	7	58.766
00000012	2020	1	8	58.781
00000012	2020	1	9	58.752
00000012	2020	1	10	58.701
00000012	2020	1	11	58.598
00000012	2020	1	12	58.6
00000012	2020	1	13	58.563
00000012	2020	1	14	58.405
00000012	2020	1	15	58.363
00000012	2020	1	16	58.38
00000012	2020	1	17	58.35
00000012	2020	1	18	58.271
00000012	2020	1	19	58.233
00000012	2020	1	20	58.233
00000012	2020	1	21	58.218
00000012	2020	1	22	58.163
00000012	2020	1	23	58.087
00000012	2020	1	24	58.016
00000012	2020	1	25	58.042
00000012	2020	1	26	58.011
00000012	2020	1	27	57.97
00000012	2020	1	28	57.954
00000012	2020	1	29	57.927
00000012	2020	1	30	57.928
00000012	2020	1	31	57.908
00000012	2020	2	1	57.889
00000012	2020	2	2	57.874
00000012	2020	2	3	57.857
00000012	2020	2	4	57.829
00000012	2020	2	5	57.757
00000012	2020	2	6	57.54
00000012	2020	2	7	57.653
00000012	2020	2	8	57.69
00000012	2020	2	9	57.68
00000012	2020	2	10	57.551
00000012	2020	2	11	57.382
00000012	2020	2	12	57.396
00000012	2020	2	13	57.341
00000012	2020	2	14	57.401
00000012	2020	2	15	57.367
00000012	2020	2	16	57.292
00000012	2020	2	17	57.259
00000012	2020	2	18	57.189
00000012	2020	2	19	57.165
00000012	2020	2	20	57.126
00000012	2020	2	21	57.17
00000012	2020	2	22	57.144
00000012	2020	2	23	57.092
00000012	2020	2	24	57.001
00000012	2020	2	25	56.98
00000012	2020	2	26	57.022
00000012	2020	2	27	57.063
00000012	2020	2	28	57.056
00000012	2020	2	29	57.068
00000012	2020	3	1	57.067
00000012	2020	3	2	57.013
00000012	2020	3	3	56.903
00000012	2020	3	4	56.903
00000012	2020	3	5	56.839
00000012	2020	3	6	56.956
00000012	2020	3	7	56.996
00000012	2020	3	8	56.994
00000012	2020	3	9	56.976
00000012	2020	3	10	56.928
00000012	2020	3	11	56.893
00000012	2020	3	12	56.868
00000012	2020	3	13	56.901
00000012	2020	3	14	56.912
00000012	2020	3	15	56.919
00000012	2020	3	16	56.917
00000012	2020	3	17	56.927
00000012	2020	3	18	56.944
00000012	2020	3	19	56.954
00000012	2020	3	20	56.976
00000012	2020	3	21	56.978
00000012	2020	3	22	56.971
00000012	2020	3	23	56.957
00000012	2020	3	24	56.927
00000012	2020	3	25	56.927
00000012	2020	3	26	56.943
00000012	2020	3	27	56.942
00000012	2020	3	28	56.958
00000012	2020	3	29	57.002
00000012	2020	3	30	57.018
00000012	2020	3	31	56.955
00000012	2020	4	1	57.003
00000012	2020	4	2	57.04
00000012	2020	4	3	57.045
00000012	2020	4	4	57.053
00000012	2020	4	5	57.082
00000012	2020	4	6	57.118
00000012	2020	4	7	57.122
00000012	2020	4	8	57.085
00000012	2020	4	9	57.09
00000012	2020	4	10	57.151
00000012	2020	4	11	57.164
00000012	2020	4	12	57.112
00000012	2020	4	13	57.112
00000012	2020	4	14	57.142
00000012	2020	4	15	57.158
00000012	2020	4	16	57.193
00000012	2020	4	17	57.18
00000012	2020	4	18	57.176
00000012	2020	4	19	56.952
00000012	2020	4	20	56.855
00000012	2020	4	21	56.986
00000012	2020	4	22	56.993
00000012	2020	4	23	56.848
00000012	2020	4	24	56.845
00000012	2020	4	25	56.856
00000012	2020	4	26	56.889
00000012	2020	4	27	56.899
00000012	2020	4	28	56.869
00000012	2020	4	29	56.817
00000012	2020	4	30	56.836
00000012	2020	5	1	56.889
00000012	2020	5	2	56.911
00000012	2020	5	3	56.912
00000012	2020	5	4	56.92
00000012	2020	5	5	56.943
00000012	2020	5	6	57.007
00000012	2020	5	7	57.064
00000012	2020	5	8	57.072
00000012	2020	5	9	57.147
00000012	2020	5	10	57.182
00000012	2020	5	11	57.232
00000012	2020	5	12	57.276
00000012	2020	5	13	57.319
00000012	2020	5	14	57.368
00000012	2020	5	15	57.398
00000012	2020	5	16	57.432
00000012	2020	5	17	57.474
00000012	2020	5	18	57.498
00000012	2020	5	19	57.55
00000012	2020	5	20	57.614
00000012	2020	5	21	57.682
00000012	2020	5	22	57.717
00000012	2020	5	23	57.742
00000012	2020	5	24	57.773
00000012	2020	5	25	57.817
00000012	2020	5	26	57.836
00000012	2020	5	27	57.854
00000012	2020	5	28	57.888
00000012	2020	5	29	57.944
00000012	2020	5	30	57.998
00000012	2020	5	31	58.051
00000012	2020	6	1	58.1
00000012	2020	6	2	58.134
00000012	2020	6	3	58.153
00000012	2020	6	4	58.18
00000012	2020	6	5	58.199
00000012	2020	6	6	58.143
00000012	2020	6	7	58.152
00000012	2020	6	8	58.107
00000012	2020	6	9	58.095
00000012	2020	6	10	58.078
00000012	2020	6	11	58.106
00000012	2020	6	12	58.088
00000012	2020	6	13	58.068
00000012	2020	6	14	58.08
00000012	2020	6	15	58.131
00000012	2020	6	16	58.201
00000012	2020	6	17	58.222
00000012	2020	6	18	58.191
00000012	2020	6	19	58.167
00000012	2020	6	20	58.158
00000012	2020	6	21	58.16
00000012	2020	6	22	58.202
00000012	2020	6	23	58.19
00000012	2020	6	24	58.179
00000012	2020	6	25	58.191
00000012	2020	6	26	58.217
00000012	2020	6	27	58.201
00000012	2020	6	28	58.191
00000012	2020	6	29	58.202
00000012	2020	6	30	58.179
00000012	2020	7	1	58.134
00000012	2020	7	2	58.122
00000012	2020	7	3	58.125
00000012	2020	7	4	58.111
00000012	2020	7	5	58.122
00000012	2020	7	6	58.132
00000012	2020	7	7	58.132
00000012	2020	7	8	58.142
00000012	2020	7	9	58.147
00000012	2020	7	10	58.19
00000012	2020	7	11	58.227
00000012	2020	7	12	58.222
00000012	2020	7	13	58.225
00000012	2020	7	14	58.252
00000012	2020	7	15	58.284
00000012	2020	7	16	58.347
00000012	2020	7	17	58.387
00000012	2020	7	18	58.412
00000012	2020	7	19	58.417
00000012	2020	7	20	58.505
00000012	2020	7	21	58.53
00000012	2020	7	22	58.542
00000012	2020	7	23	58.566
00000012	2020	7	24	58.59
00000012	2020	7	25	58.596
00000012	2020	7	26	58.576
00000012	2020	7	27	58.589
00000012	2020	7	28	58.666
00000012	2020	7	29	58.649
00000012	2020	7	30	58.636
00000012	2020	7	31	58.639
00000012	2020	8	1	58.652
00000012	2020	8	2	58.673
00000012	2020	8	3	58.74
00000012	2020	8	4	58.779
00000012	2020	8	5	58.787
00000012	2020	8	6	58.803
00000012	2020	8	7	58.862
00000012	2020	8	8	58.923
00000012	2020	8	9	58.938
00000012	2020	8	10	58.951
00000012	2020	8	11	58.965
00000012	2020	8	12	59.01
00000012	2020	8	13	59.049
00000012	2020	8	14	59.049
00000012	2020	8	15	59.065
00000012	2020	8	16	59.103
00000012	2020	8	17	59.142
00000012	2020	8	18	59.22
00000012	2020	8	19	59.253
00000012	2020	8	20	59.298
00000012	2020	8	21	59.303
00000012	2020	8	22	59.274
00000012	2020	8	23	59.235
00000012	2020	8	24	59.239
00000012	2020	8	25	59.233
00000012	2020	8	26	59.232
00000012	2020	8	27	59.219
00000012	2020	8	28	59.182
00000012	2020	8	29	59.131
00000012	2020	8	30	59.068
00000012	2020	8	31	59.007
00000012	2020	9	1	58.994
00000012	2020	9	2	59.01
00000012	2020	9	3	59.045
00000012	2020	9	4	59.023
00000012	2020	9	5	59.048
00000012	2020	9	6	59.023
00000012	2020	9	7	58.993
00000012	2020	9	8	59.001
00000012	2020	9	9	59.091
00000012	2020	9	10	59.11
00000012	2020	9	11	59.073
00000012	2020	9	12	59.055
00000012	2020	9	13	59.068
00000012	2020	9	14	59.087
00000012	2020	9	15	59.093
00000012	2020	9	16	59.037
00000012	2020	9	17	58.991
00000012	2020	9	18	59.031
00000012	2020	9	19	59.054
00000012	2020	9	20	59.071
00000012	2020	9	21	59.081
00000012	2020	9	22	59.063
00000012	2020	9	23	59.033
00000012	2020	9	24	58.981
00000012	2020	9	25	58.993
00000012	2020	9	26	59.006
00000012	2020	9	27	58.993
00000012	2020	9	28	58.987
00000012	2020	9	29	58.999
00000012	2020	9	30	59.017
00000012	2020	10	1	59.022
00000012	2020	10	2	59.047
00000012	2020	10	3	59.06
00000012	2020	10	4	59.068
00000012	2020	10	5	59.074
00000012	2020	10	6	59.077
00000012	2020	10	7	59.088
00000012	2020	10	8	59.112
00000012	2020	10	9	59.078
00000012	2020	10	10	58.942
00000012	2020	10	11	58.857
00000012	2020	10	12	58.878
00000012	2020	10	13	58.883
00000012	2020	10	14	58.851
00000012	2020	10	15	58.817
00000012	2020	10	16	58.834
00000012	2020	10	17	58.825
00000012	2020	10	18	58.8
00000012	2020	10	19	58.783
00000012	2020	10	20	58.763
00000012	2020	10	21	58.767
00000012	2020	10	22	58.759
00000012	2020	10	23	58.753
00000012	2020	10	24	58.708
00000012	2020	10	25	58.705
00000012	2020	10	26	58.733
00000012	2020	10	27	58.742
00000012	2020	10	28	58.667
00000012	2020	10	29	58.53
00000012	2020	10	30	58.61
00000012	2020	10	31	58.562
00000012	2020	11	1	58.482
00000012	2020	11	2	58.441
00000012	2020	11	3	58.377
00000012	2020	11	4	58.353
00000012	2020	11	5	58.325
00000012	2020	11	6	58.297
00000012	2020	11	7	58.286
00000012	2020	11	8	58.284
00000012	2020	11	9	58.272
00000012	2020	11	10	58.243
00000012	2020	11	11	58.188
00000012	2020	11	12	58.173
00000012	2020	11	13	58.206
00000012	2020	11	14	58.188
00000012	2020	11	15	58.188
00000012	2020	11	16	58.222
00000012	2020	11	17	58.242
00000012	2020	11	18	58.264
00000012	2020	11	19	58.268
00000012	2020	11	20	58.266
00000012	2020	11	21	58.253
00000012	2020	11	22	58.239
00000012	2020	11	23	58.268
00000012	2020	11	24	58.27
00000012	2020	11	25	58.243
00000012	2020	11	26	58.231
00000012	2020	11	27	58.226
00000012	2020	11	28	58.197
00000012	2020	11	29	58.127
00000012	2020	11	30	58.088
00000012	2020	12	1	58.123
00000012	2020	12	2	58.123
00000012	2020	12	3	58.081
00000012	2020	12	4	58.024
00000012	2020	12	5	58.03
00000012	2020	12	6	58.03
00000012	2020	12	7	58.03
00000012	2020	12	8	58.03
00000012	2020	12	9	58.03
00000012	2020	12	10	58.03
00000012	2020	12	11	58.03
00000012	2020	12	12	58.03
00000012	2020	12	13	58.03
00000012	2020	12	14	58.03
00000012	2020	12	15	58.03
00000012	2020	12	16	58.03
00000012	2020	12	17	58.03
00000012	2020	12	18	58.03
00000012	2020	12	19	58.03
00000012	2020	12	20	58.03
00000012	2020	12	21	58.03
00000012	2020	12	22	58.03
00000012	2020	12	23	58.03
00000012	2020	12	24	58.03
00000012	2020	12	25	58.03
00000012	2020	12	26	58.03
00000012	2020	12	27	58.03
00000012	2020	12	28	58.03
00000012	2020	12	29	58.03
00000012	2020	12	30	58.03
00000012	2020	12	31	58.03
00000012	2021	1	1	58.03
00000012	2021	1	2	58.03
00000012	2021	1	3	58.03
00000012	2021	1	4	58.03
00000012	2021	1	5	58.03
00000012	2021	1	6	58.03
00000012	2021	1	7	58.03
00000012	2021	1	8	58.03
00000012	2021	1	9	58.03
00000012	2021	1	10	58.03
00000012	2021	1	11	58.03
00000012	2021	1	12	58.03
00000012	2021	1	13	58.03
00000012	2021	1	14	58.03
00000012	2021	1	15	58.03
00000012	2021	1	16	58.03
00000012	2021	1	17	58.03
00000012	2021	1	18	58.03
00000012	2021	1	19	58.03
00000012	2021	1	20	58.03
00000012	2021	1	21	58.03
00000012	2021	1	22	58.03
00000012	2021	1	23	58.03
00000012	2021	1	24	58.03
00000012	2021	1	25	58.03
00000012	2021	1	26	58.03
00000012	2021	1	27	58.03
00000012	2021	1	28	58.03
00000012	2021	1	29	58.03
00000012	2021	1	30	58.03
00000012	2021	1	31	58.03
00000012	2021	2	1	58.03
00000012	2021	2	2	58.03
00000012	2021	2	3	58.03
00000012	2021	2	4	58.03
00000012	2021	2	5	58.03
00000012	2021	2	6	58.03
00000012	2021	2	7	58.03
00000012	2021	2	8	58.03
00000012	2021	2	9	58.03
00000012	2021	2	10	58.03
00000012	2021	2	11	58.03
00000012	2021	2	12	58.03
00000012	2021	2	13	58.03
00000012	2021	2	14	58.03
00000012	2021	2	15	58.03
00000012	2021	2	16	58.03
00000012	2021	2	17	58.03
00000012	2021	2	18	58.03
00000012	2021	2	19	58.03
00000012	2021	2	20	58.03
00000012	2021	2	21	58.03
00000012	2021	2	22	58.03
00000012	2021	2	23	58.03
00000012	2021	2	24	58.03
00000012	2021	2	25	58.03
00000012	2021	2	26	58.03
00000012	2021	2	27	58.03
00000012	2021	2	28	58.03
00000012	2021	3	1	58.03
00000012	2021	3	2	58.03
00000012	2021	3	3	58.03
00000012	2021	3	4	58.03
00000012	2021	3	5	58.03
00000012	2021	3	6	58.03
00000012	2021	3	7	58.03
00000012	2021	3	8	58.03
00000012	2021	3	9	58.03
00000012	2021	3	10	58.03
00000012	2021	3	11	58.03
00000012	2021	3	12	58.03
00000012	2021	3	13	58.03
00000012	2021	3	14	58.03
00000012	2021	3	15	58.03
00000012	2021	3	16	58.03
00000012	2021	3	17	58.03
00000012	2021	3	18	58.03
00000012	2021	3	19	58.03
00000012	2021	3	20	58.03
00000012	2021	3	21	58.03
00000012	2021	3	22	58.03
00000012	2021	3	23	58.03
00000012	2021	3	24	58.03
00000012	2021	3	25	58.03
00000012	2021	3	26	58.03
00000012	2021	3	27	58.03
00000012	2021	3	28	58.03
00000012	2021	3	29	58.03
00000012	2021	3	30	58.03
00000012	2021	3	31	58.03
00000012	2021	4	1	58.03
00000012	2021	4	2	58.03
00000012	2021	4	3	58.03
00000012	2021	4	4	58.03
00000012	2021	4	5	58.03
00000012	2021	4	6	58.03
00000012	2021	4	7	58.03
00000012	2021	4	8	58.03
00000012	2021	4	9	58.03
00000012	2021	4	10	58.03
00000012	2021	4	11	58.03
00000012	2021	4	12	58.03
00000012	2021	4	13	58.03
00000012	2021	4	14	58.03
00000012	2021	4	15	58.03
00000012	2021	4	16	58.03
00000012	2021	4	17	58.03
00000012	2021	4	18	58.03
00000012	2021	4	19	58.03
00000012	2021	4	20	58.03
00000012	2021	4	21	58.03
00000012	2021	4	22	54.916
00000012	2021	4	23	52.695
00000012	2021	4	24	52.546
00000012	2021	4	25	52.623
00000012	2021	4	26	52.666
00000012	2021	4	27	52.692
00000012	2021	4	28	52.707
00000012	2021	4	29	52.72
00000012	2021	4	30	52.756
00000012	2021	5	1	52.77
00000012	2021	5	2	52.762
00000012	2021	5	3	52.746
00000012	2021	5	4	52.677
00000012	2021	5	5	52.688
00000012	2021	5	6	52.72
00000012	2021	5	7	52.718
00000012	2021	5	8	52.702
00000012	2021	5	9	52.673
00000012	2021	5	10	52.652
00000012	2021	5	11	52.669
00000012	2021	5	12	52.673
00000012	2021	5	13	52.701
00000012	2021	5	14	52.712
00000012	2021	5	15	52.719
00000012	2021	5	16	52.728
00000012	2021	5	17	52.733
00000012	2021	5	18	52.76
00000012	2021	5	19	52.791
00000012	2021	5	20	52.836
00000012	2021	5	21	52.903
00000012	2021	5	22	52.989
00000012	2021	5	23	52.999
00000012	2021	5	24	53.002
00000012	2021	5	25	53.033
00000012	2021	5	26	53.096
00000012	2021	5	27	53.153
00000012	2021	5	28	53.135
00000012	2021	5	29	53.16
00000012	2021	5	30	53.225
00000012	2021	5	31	53.267
00000012	2021	6	1	53.336
00000012	2021	6	2	53.346
00000012	2021	6	3	53.347
00000012	2021	6	4	53.373
00000012	2021	6	5	53.399
00000012	2021	6	6	53.396
00000012	2021	6	7	53.357
00000012	2021	6	8	53.384
00000012	2021	6	9	53.401
00000012	2021	6	10	53.382
00000012	2021	6	11	53.359
00000012	2021	6	12	53.339
00000012	2021	6	13	53.333
00000012	2021	6	14	53.337
00000012	2021	6	15	53.345
00000012	2021	6	16	53.363
00000012	2021	6	17	53.38
00000012	2021	6	18	53.388
00000012	2021	6	19	53.268
00000012	2021	6	20	53.211
00000012	2021	6	21	53.233
00000012	2021	6	22	53.224
00000012	2021	6	23	53.248
00000012	2021	6	24	53.278
00000012	2021	6	25	53.317
00000012	2021	6	26	53.358
00000012	2021	6	27	53.43
00000012	2021	6	28	53.518
00000012	2021	6	29	53.6
00000012	2021	6	30	53.657
00000012	2021	7	1	53.65
00000012	2021	7	2	53.669
00000012	2021	7	3	53.698
00000012	2021	7	4	53.757
00000012	2021	7	5	53.808
00000012	2021	7	6	53.839
00000012	2021	7	7	53.798
00000012	2021	7	8	53.832
00000012	2021	7	9	53.882
00000012	2021	7	10	53.923
00000012	2021	7	11	53.94
00000012	2021	7	12	53.944
00000012	2021	7	13	53.949
00000012	2021	7	14	53.956
00000012	2021	7	15	53.965
00000012	2021	7	16	53.987
00000012	2021	7	17	54.005
00000012	2021	7	18	54.003
00000012	2021	7	19	53.992
00000012	2021	7	20	53.996
00000012	2021	7	21	54.026
00000012	2021	7	22	54.063
00000012	2021	7	23	54.063
00000012	2021	7	24	54.054
00000012	2021	7	25	54.081
00000012	2021	7	26	54.118
00000012	2021	7	27	54.162
00000012	2021	7	28	54.207
00000012	2021	7	29	54.255
00000012	2021	7	30	54.306
00000012	2021	7	31	54.347
00000012	2021	8	1	54.38
00000012	2021	8	2	54.39
00000012	2021	8	3	54.397
00000012	2021	8	4	54.434
00000012	2021	8	5	54.474
00000012	2021	8	6	54.502
00000012	2021	8	7	54.513
00000012	2021	8	8	54.537
00000012	2021	8	9	54.572
00000012	2021	8	10	54.612
00000012	2021	8	11	54.629
00000012	2021	8	12	54.631
00000012	2021	8	13	54.662
00000012	2021	8	14	54.683
00000012	2021	8	15	54.695
00000012	2021	8	16	54.69
00000012	2021	8	17	54.688
00000012	2021	8	18	54.745
00000012	2021	8	19	54.729
00000012	2021	8	20	54.686
00000012	2021	8	21	54.692
00000012	2021	8	22	54.688
00000012	2021	8	23	54.708
00000012	2021	8	24	54.728
00000012	2021	8	25	54.753
00000012	2021	8	26	54.769
00000012	2021	8	27	54.79
00000012	2021	8	28	54.809
00000012	2021	8	29	54.815
00000012	2021	8	30	54.75
00000012	2021	8	31	54.614
00000012	2021	9	1	54.625
00000012	2021	9	2	54.638
00000012	2021	9	3	54.652
00000012	2021	9	4	54.638
00000012	2021	9	5	54.611
00000012	2021	9	6	54.589
00000012	2021	9	7	54.57
00000012	2021	9	8	54.551
00000012	2021	9	9	54.564
00000012	2021	9	10	54.596
00000012	2021	9	11	54.617
00000012	2021	9	12	54.633
00000012	2021	9	13	54.635
00000012	2021	9	14	54.627
00000012	2021	9	15	54.615
00000012	2021	9	16	54.623
00000012	2021	9	17	54.662
00000012	2021	9	18	54.647
00000012	2021	9	19	54.621
00000012	2021	9	20	54.626
00000012	2021	9	21	54.632
00000012	2021	9	22	54.631
00000012	2021	9	23	54.643
00000012	2021	9	24	54.654
00000012	2021	9	25	54.66
00000012	2021	9	26	54.679
00000012	2021	9	27	54.691
00000012	2021	9	28	54.703
