00000007	1965	6	23	175.9
00000007	1967	10	12	179.03
00000007	1968	3	14	179.29
00000007	1968	10	23	183.35
00000007	1969	4	23	178.14
00000007	1969	10	21	178.67
00000007	1970	3	17	177.32
00000007	1970	10	12	180.39
00000007	1971	4	13	176.24
00000007	1974	4	9	178.28
00000007	1974	10	21	179.49
00000007	1975	4	2	183.1
00000007	1976	11	3	181.3
00000007	1977	4	11	182.1
00000007	1977	6	30	177.3
00000007	1977	11	16	180.8
00000007	1978	11	7	179.35
00000007	1979	11	16	178.27
00000007	1980	11	4	178.97
00000007	1981	4	8	177.74
00000007	1981	11	3	158.78
00000007	1982	2	9	178.3
00000007	1983	10	31	178.83
00000007	1984	5	9	171.38
00000007	1984	10	30	178.4
00000007	1985	4	22	179.06
00000007	1985	10	24	179.8
00000007	1986	4	17	177.77
00000007	1986	10	20	181.95
00000007	1987	4	1	178
00000007	1987	10	5	180.38
00000007	1988	3	29	179.89
00000007	1988	10	25	186.77
00000007	1989	3	29	185.8
00000007	1989	10	25	183.9
00000007	1990	4	24	173.8
00000007	1990	10	3	185.1
00000007	1991	4	1	181.92
00000007	1991	10	9	179.48
00000007	1992	4	1	181.25
00000007	1992	10	5	178.81
00000007	1993	10	25	180.95
00000007	1994	10	11	178.5
00000007	1995	10	11	178.68
00000007	1996	3	22	180.35
00000007	1996	10	1	180.98
00000007	1997	10	16	177.5
00000007	1998	10	6	176.45
00000007	1999	10	4	176.55
00000007	2000	10	3	179.6
00000007	2001	10	22	178.53
00000007	2002	10	1	180.75
00000007	2003	10	13	178.6
00000007	2004	10	28	182.51
00000007	2006	10	6	184.77
00000007	2007	10	17	183.75
00000007	2008	10	15	178.12
00000007	2009	10	15	177
00000007	2010	10	19	181.06
00000007	2012	11	8	178.63
00000007	2013	11	19	177.25
00000007	2013	11	20	177.23
00000007	2013	11	21	177.26
00000007	2013	11	22	177.3
00000007	2013	11	23	177.35
00000007	2013	11	24	177.44
00000007	2013	11	25	177.49
00000007	2013	11	26	177.41
00000007	2013	11	27	177.43
00000007	2013	11	28	177.49
00000007	2013	11	29	177.52
00000007	2013	11	30	177.52
00000007	2013	12	1	177.5
00000007	2013	12	2	177.48
00000007	2013	12	3	177.49
00000007	2013	12	4	177.5
00000007	2013	12	5	177.43
00000007	2013	12	6	177.44
00000007	2013	12	7	177.45
00000007	2013	12	8	177.45
00000007	2013	12	9	177.43
00000007	2013	12	10	177.43
00000007	2013	12	11	177.46
00000007	2013	12	12	177.48
00000007	2013	12	13	177.47
00000007	2013	12	14	177.41
00000007	2013	12	15	177.4
00000007	2013	12	16	177.43
00000007	2013	12	17	177.43
00000007	2013	12	18	177.44
00000007	2013	12	19	177.44
00000007	2013	12	20	177.44
00000007	2013	12	21	177.42
00000007	2013	12	22	177.4
00000007	2013	12	23	177.29
00000007	2013	12	24	177.31
00000007	2013	12	25	177.31
00000007	2013	12	26	177.31
00000007	2013	12	27	177.32
00000007	2013	12	28	177.26
00000007	2013	12	29	177.12
00000007	2013	12	30	177.15
00000007	2013	12	31	177.18
00000007	2014	1	1	177.15
00000007	2014	1	2	177.11
00000007	2014	1	3	177.15
00000007	2014	1	4	177.13
00000007	2014	1	5	177.09
00000007	2014	1	6	177.12
00000007	2014	1	7	177.15
00000007	2014	1	8	177.14
00000007	2014	1	9	177.13
00000007	2014	1	10	177.09
00000007	2014	1	11	177
00000007	2014	1	12	177.03
00000007	2014	1	13	176.99
00000007	2014	1	14	176.95
00000007	2014	1	15	176.96
00000007	2014	1	16	176.96
00000007	2014	1	17	176.95
00000007	2014	1	18	176.96
00000007	2014	1	19	176.95
00000007	2014	1	20	176.94
00000007	2014	1	21	176.92
00000007	2014	1	22	176.95
00000007	2014	1	23	176.97
00000007	2014	1	24	176.99
00000007	2014	1	25	176.93
00000007	2014	1	26	176.93
00000007	2014	1	27	176.92
00000007	2014	1	28	176.92
00000007	2014	1	29	176.89
00000007	2014	1	30	176.89
00000007	2014	1	31	176.88
00000007	2014	2	1	176.87
00000007	2014	2	2	176.87
00000007	2014	2	3	176.85
00000007	2014	2	4	176.84
00000007	2014	2	5	176.82
00000007	2014	2	6	176.84
00000007	2014	2	7	176.84
00000007	2014	2	8	176.82
00000007	2014	2	9	176.82
00000007	2014	2	10	176.82
00000007	2014	2	11	176.8
00000007	2014	2	12	176.66
00000007	2014	2	13	176.64
00000007	2014	2	14	176.65
00000007	2014	2	15	176.66
00000007	2014	2	16	176.67
00000007	2014	2	17	176.67
00000007	2014	2	18	176.67
00000007	2014	2	19	176.66
00000007	2014	2	20	176.65
00000007	2014	2	21	176.58
00000007	2014	2	22	176.58
00000007	2014	2	23	176.55
00000007	2014	2	24	176.54
00000007	2014	2	25	176.54
00000007	2014	2	26	176.5
00000007	2014	2	27	176.5
00000007	2014	2	28	176.51
00000007	2014	3	1	176.52
00000007	2014	3	2	176.51
00000007	2014	3	3	176.49
00000007	2014	3	4	176.5
00000007	2014	3	5	176.48
00000007	2014	3	6	176.46
00000007	2014	3	7	176.46
00000007	2014	3	8	176.48
00000007	2014	3	9	176.48
00000007	2014	3	10	176.46
00000007	2014	3	11	176.43
00000007	2014	3	12	176.41
00000007	2014	3	13	176.46
00000007	2014	3	14	176.47
00000007	2014	3	15	176.45
00000007	2014	3	16	176.38
00000007	2014	3	17	176.3
00000007	2014	3	18	176.32
00000007	2014	3	19	176.34
00000007	2014	3	20	176.35
00000007	2014	3	21	176.35
00000007	2014	3	22	176.36
00000007	2014	3	23	176.36
00000007	2014	3	24	176.37
00000007	2014	3	25	176.38
00000007	2014	3	26	176.42
00000007	2014	3	27	176.42
00000007	2014	3	28	176.32
00000007	2014	3	29	176.25
00000007	2014	3	30	176.29
00000007	2014	3	31	176.3
00000007	2014	4	1	176.31
00000007	2014	4	2	176.32
00000007	2014	4	3	176.31
00000007	2014	4	4	176.31
00000007	2014	4	5	176.32
00000007	2014	4	6	176.17
00000007	2014	4	7	175.99
00000007	2014	4	8	175.99
00000007	2014	4	9	176.04
00000007	2014	4	10	176.06
00000007	2014	4	11	176.05
00000007	2014	4	12	176.04
00000007	2014	4	13	176.03
00000007	2014	4	14	175.99
00000007	2014	4	15	175.93
00000007	2014	4	16	175.96
00000007	2014	4	17	175.96
00000007	2014	4	18	175.78
00000007	2014	4	19	175.71
00000007	2014	4	20	175.73
00000007	2014	4	21	175.71
00000007	2014	4	22	175.68
00000007	2014	4	23	175.67
00000007	2014	4	24	175.67
00000007	2014	4	25	175.66
00000007	2014	4	26	175.66
00000007	2014	4	27	175.64
00000007	2014	4	28	175.62
00000007	2014	4	29	175.54
00000007	2014	4	30	175.38
00000007	2014	5	1	175.4
00000007	2014	5	2	175.39
00000007	2014	5	3	175.4
00000007	2014	5	4	175.41
00000007	2014	5	5	175.41
00000007	2014	5	6	175.41
00000007	2014	5	7	175.43
00000007	2014	5	8	175.44
00000007	2014	5	9	175.43
00000007	2014	5	10	175.43
00000007	2014	5	11	175.43
00000007	2014	5	12	175.44
00000007	2014	5	13	175.44
00000007	2014	5	14	175.39
00000007	2014	5	15	175.29
00000007	2014	5	16	175.3
00000007	2014	5	17	175.32
00000007	2014	5	18	175.34
00000007	2014	5	19	175.36
00000007	2014	5	20	175.37
00000007	2014	5	21	175.39
00000007	2014	5	22	175.4
00000007	2014	5	23	175.41
00000007	2014	5	24	175.43
00000007	2014	5	25	175.45
00000007	2014	5	26	175.48
00000007	2014	5	27	175.49
00000007	2014	5	28	175.48
00000007	2014	5	29	175.5
00000007	2014	5	30	175.5
00000007	2014	5	31	175.5
00000007	2014	6	1	175.49
00000007	2014	6	2	175.5
00000007	2014	6	3	175.51
00000007	2014	6	4	175.52
00000007	2014	6	5	175.53
00000007	2014	6	6	175.55
00000007	2014	6	7	175.56
00000007	2014	6	8	175.58
00000007	2014	6	9	175.6
00000007	2014	6	10	175.63
00000007	2014	6	11	175.64
00000007	2014	6	12	175.6
00000007	2014	6	13	175.61
00000007	2014	6	14	175.63
00000007	2014	6	15	175.67
00000007	2014	6	16	175.71
00000007	2014	6	17	175.74
00000007	2014	6	18	175.76
00000007	2014	6	19	175.79
00000007	2014	6	20	175.79
00000007	2014	6	21	175.81
00000007	2014	6	22	175.82
00000007	2014	6	23	175.83
00000007	2014	6	24	175.82
00000007	2014	6	25	175.79
00000007	2014	6	26	175.82
00000007	2014	6	27	175.85
00000007	2014	6	28	175.88
00000007	2014	6	29	175.91
00000007	2014	6	30	175.93
00000007	2014	7	1	175.96
00000007	2014	7	2	175.99
00000007	2014	7	3	176.03
00000007	2014	7	4	176.07
00000007	2014	7	5	176.1
00000007	2014	7	6	176.13
00000007	2014	7	7	176.16
00000007	2014	7	8	176.2
00000007	2014	7	9	176.22
00000007	2014	7	10	176.24
00000007	2014	7	11	176.28
00000007	2014	7	12	176.31
00000007	2014	7	13	176.33
00000007	2014	7	14	176.35
00000007	2014	7	15	176.33
00000007	2014	7	16	176.3
00000007	2014	7	17	176.35
00000007	2014	7	18	176.38
00000007	2014	7	19	176.39
00000007	2014	7	20	176.41
00000007	2014	7	21	176.42
00000007	2014	7	22	176.44
00000007	2014	7	23	176.46
00000007	2014	7	24	176.49
00000007	2014	7	25	176.52
00000007	2014	7	26	176.55
00000007	2014	7	27	176.57
00000007	2014	7	28	176.58
00000007	2014	7	29	176.59
00000007	2014	7	30	176.62
00000007	2014	7	31	176.65
00000007	2014	8	1	176.67
00000007	2014	8	2	176.7
00000007	2014	8	3	176.72
00000007	2014	8	4	176.73
00000007	2014	8	5	176.77
00000007	2014	8	6	176.79
00000007	2014	8	7	176.81
00000007	2014	8	8	176.83
00000007	2014	8	9	176.85
00000007	2014	8	10	176.87
00000007	2014	8	11	176.89
00000007	2014	8	12	176.9
00000007	2014	8	13	176.94
00000007	2014	8	14	176.97
00000007	2014	8	15	176.99
00000007	2014	8	16	177.03
00000007	2014	8	17	177.05
00000007	2014	8	18	177.07
00000007	2014	8	19	177.08
00000007	2014	8	20	177.12
00000007	2014	8	21	177.15
00000007	2014	8	22	177.17
00000007	2014	8	23	177.18
00000007	2014	8	24	177.19
00000007	2014	8	25	177.2
00000007	2014	8	26	177.23
00000007	2014	8	27	177.26
00000007	2014	8	28	177.29
00000007	2014	8	29	177.32
00000007	2014	8	30	177.36
00000007	2014	8	31	177.38
00000007	2014	9	1	177.41
00000007	2014	9	2	177.43
00000007	2014	9	3	177.43
00000007	2014	9	4	177.41
00000007	2014	9	5	177.43
00000007	2014	9	6	177.44
00000007	2014	9	7	177.45
00000007	2014	9	8	177.47
00000007	2014	9	9	177.5
00000007	2014	9	10	177.52
00000007	2014	9	11	177.54
00000007	2014	9	12	177.57
00000007	2014	9	13	177.59
00000007	2014	9	14	177.61
00000007	2014	9	15	177.63
00000007	2014	9	16	177.59
00000007	2014	9	17	177.54
00000007	2014	9	18	177.56
00000007	2014	9	19	177.59
00000007	2014	9	20	177.6
00000007	2014	9	21	177.62
00000007	2014	9	22	177.63
00000007	2014	9	23	177.66
00000007	2014	9	24	177.69
00000007	2014	9	25	177.7
00000007	2014	9	26	177.71
00000007	2014	9	27	177.73
00000007	2014	9	28	177.73
00000007	2014	9	29	177.69
00000007	2014	9	30	177.68
00000007	2014	10	1	177.71
00000007	2014	10	2	177.73
00000007	2014	10	3	177.72
00000007	2014	10	4	177.74
00000007	2014	10	5	177.76
00000007	2014	10	6	177.78
00000007	2014	10	7	177.8
00000007	2014	10	8	177.82
00000007	2014	10	9	177.84
00000007	2014	10	10	177.85
00000007	2014	10	11	177.87
00000007	2014	10	12	177.89
00000007	2014	10	13	177.89
00000007	2014	10	14	177.68
00000007	2014	10	15	177.67
00000007	2014	10	16	177.67
00000007	2014	10	17	177.68
00000007	2014	10	18	177.68
00000007	2014	10	19	177.71
00000007	2014	10	20	177.7
00000007	2014	10	21	177.7
00000007	2014	10	22	177.72
00000007	2014	10	23	177.74
00000007	2014	10	24	177.74
00000007	2014	10	25	177.75
00000007	2014	10	26	177.76
00000007	2014	10	27	177.77
00000007	2014	10	28	177.79
00000007	2014	10	29	177.79
00000007	2014	10	30	177.8
00000007	2014	10	31	177.8
00000007	2014	11	1	177.84
00000007	2014	11	2	177.87
00000007	2014	11	3	177.89
00000007	2014	11	4	177.89
00000007	2014	11	5	177.89
00000007	2014	11	6	177.88
00000007	2014	11	7	177.88
00000007	2014	11	8	177.88
00000007	2014	11	9	177.89
00000007	2014	11	10	177.89
00000007	2014	11	11	177.9
00000007	2014	11	12	177.92
00000007	2014	11	13	177.93
00000007	2014	11	14	177.94
00000007	2014	11	15	177.95
00000007	2014	11	16	177.94
00000007	2014	11	17	177.9
00000007	2014	11	18	177.95
00000007	2014	11	19	177.95
00000007	2014	11	20	177.94
00000007	2014	11	21	177.95
00000007	2014	11	22	177.93
00000007	2014	11	23	177.79
00000007	2014	11	24	177.75
00000007	2014	11	25	177.78
00000007	2014	11	26	177.77
00000007	2014	11	27	177.81
00000007	2014	11	28	177.82
00000007	2014	11	29	177.82
00000007	2014	11	30	177.83
00000007	2014	12	1	177.85
00000007	2014	12	2	177.84
00000007	2014	12	3	177.85
00000007	2014	12	4	177.86
00000007	2014	12	5	177.87
00000007	2014	12	6	177.86
00000007	2014	12	7	177.87
00000007	2014	12	8	177.88
00000007	2014	12	9	177.86
00000007	2014	12	10	177.87
00000007	2014	12	11	177.87
00000007	2014	12	12	177.89
00000007	2014	12	13	177.89
00000007	2014	12	14	177.88
00000007	2014	12	15	177.88
00000007	2014	12	16	177.88
00000007	2014	12	17	177.9
00000007	2014	12	18	177.9
00000007	2014	12	19	177.9
00000007	2014	12	20	177.87
00000007	2014	12	21	177.87
00000007	2014	12	22	177.85
00000007	2014	12	23	177.81
00000007	2014	12	24	177.65
00000007	2014	12	25	177.7
00000007	2014	12	26	177.71
00000007	2014	12	27	177.68
00000007	2014	12	28	177.6
00000007	2014	12	29	177.58
00000007	2014	12	30	177.61
00000007	2014	12	31	177.61
00000007	2015	1	1	177.6
00000007	2015	1	2	177.6
00000007	2015	1	3	177.58
00000007	2015	1	4	177.54
00000007	2015	1	5	177.56
00000007	2015	1	6	177.54
00000007	2015	1	7	177.54
00000007	2015	1	8	177.56
00000007	2015	1	9	177.54
00000007	2015	1	10	177.55
00000007	2015	1	11	177.54
00000007	2015	1	12	177.51
00000007	2015	1	13	177.51
00000007	2015	1	14	177.51
00000007	2015	1	15	177.48
00000007	2015	1	16	177.48
00000007	2015	1	17	177.47
00000007	2015	1	18	177.46
00000007	2015	1	19	177.46
00000007	2015	1	20	177.44
00000007	2015	1	21	177.45
00000007	2015	1	22	177.46
00000007	2015	1	23	177.32
00000007	2015	1	24	177.31
00000007	2015	1	25	177.3
00000007	2015	1	26	177.3
00000007	2015	1	27	177.3
00000007	2015	1	28	177.33
00000007	2015	1	29	177.34
00000007	2015	1	30	177.34
00000007	2015	1	31	177.35
00000007	2015	2	1	177.31
00000007	2015	2	2	177.29
00000007	2015	2	3	177.33
00000007	2015	2	4	177.3
00000007	2015	2	5	177.29
00000007	2015	2	6	177.32
00000007	2015	2	7	177.31
00000007	2015	2	8	177.29
00000007	2015	2	9	177.26
00000007	2015	2	10	177.27
00000007	2015	2	11	177.29
00000007	2015	2	12	177.29
00000007	2015	2	13	177.31
00000007	2015	2	14	177.29
00000007	2015	2	15	177.3
00000007	2015	2	16	177.26
00000007	2015	2	17	177.24
00000007	2015	2	18	177.26
00000007	2015	2	19	177.3
00000007	2015	2	20	177.3
00000007	2015	2	21	177.28
00000007	2015	2	22	177.26
00000007	2015	2	23	177.23
00000007	2015	2	24	177.19
00000007	2015	2	25	177.1
00000007	2015	2	26	177.05
00000007	2015	2	27	177.1
00000007	2015	2	28	177.12
00000007	2015	3	1	177.1
00000007	2015	3	2	177.09
00000007	2015	3	3	177.08
00000007	2015	3	4	177.06
00000007	2015	3	5	177.06
00000007	2015	3	6	177.09
00000007	2015	3	7	177.09
00000007	2015	3	8	177.08
00000007	2015	3	9	177.07
00000007	2015	3	10	177.06
00000007	2015	3	11	177.06
00000007	2015	3	12	177.05
00000007	2015	3	13	177.03
00000007	2015	3	14	177.01
00000007	2015	3	15	177.03
00000007	2015	3	16	177.03
00000007	2015	3	17	177.01
00000007	2015	3	18	177.02
00000007	2015	3	19	177.01
00000007	2015	3	20	176.96
00000007	2015	3	21	176.96
00000007	2015	3	22	176.93
00000007	2015	3	23	176.89
00000007	2015	3	24	176.91
00000007	2015	3	25	176.91
00000007	2015	3	26	176.89
00000007	2015	3	27	176.9
00000007	2015	3	28	176.94
00000007	2015	3	29	176.96
00000007	2015	3	30	176.95
00000007	2015	3	31	176.93
00000007	2015	4	1	176.95
00000007	2015	4	2	176.97
00000007	2015	4	3	176.97
00000007	2015	4	4	176.98
00000007	2015	4	5	176.99
00000007	2015	4	6	177
00000007	2015	4	7	177.01
00000007	2015	4	8	177.01
00000007	2015	4	9	177.02
00000007	2015	4	10	176.97
00000007	2015	4	11	176.89
00000007	2015	4	12	176.9
00000007	2015	4	13	176.81
00000007	2015	4	14	176.77
00000007	2015	4	15	176.75
00000007	2015	4	16	176.77
00000007	2015	4	17	176.72
00000007	2015	4	18	176.68
00000007	2015	4	19	176.58
00000007	2015	4	20	176.56
00000007	2015	4	21	176.59
00000007	2015	4	22	176.59
00000007	2015	4	23	176.59
00000007	2015	4	24	176.6
00000007	2015	4	25	176.55
00000007	2015	4	26	176.52
00000007	2015	4	27	176.53
00000007	2015	4	28	176.51
00000007	2015	4	29	176.43
00000007	2015	4	30	176.44
00000007	2015	5	1	176.46
00000007	2015	5	2	176.47
00000007	2015	5	3	176.49
00000007	2015	5	4	176.51
00000007	2015	5	5	176.51
00000007	2015	5	6	176.51
00000007	2015	5	7	176.51
00000007	2015	5	8	176.53
00000007	2015	5	9	176.54
00000007	2015	5	10	176.55
00000007	2015	5	11	176.57
00000007	2015	5	12	176.59
00000007	2015	5	13	176.61
00000007	2015	5	14	176.61
00000007	2015	5	15	176.61
00000007	2015	5	16	176.61
00000007	2015	5	17	176.61
00000007	2015	5	18	176.62
00000007	2015	5	19	176.63
00000007	2015	5	20	176.62
00000007	2015	5	21	176.64
00000007	2015	5	22	176.68
00000007	2015	5	23	176.71
00000007	2015	5	24	176.72
00000007	2015	5	25	176.73
00000007	2015	5	26	176.68
00000007	2015	5	27	176.63
00000007	2015	5	28	176.61
00000007	2015	5	29	176.56
00000007	2015	5	30	176.58
00000007	2015	5	31	176.59
00000007	2015	6	1	176.6
00000007	2015	6	2	176.6
00000007	2015	6	3	176.61
00000007	2015	6	4	176.63
00000007	2015	6	5	176.65
00000007	2015	6	6	176.67
00000007	2015	6	7	176.7
00000007	2015	6	8	176.72
00000007	2015	6	9	176.72
00000007	2015	6	10	176.72
00000007	2015	6	11	176.65
00000007	2015	6	12	176.69
00000007	2015	6	13	176.72
00000007	2015	6	14	176.74
00000007	2015	6	15	176.77
00000007	2015	6	16	176.8
00000007	2015	6	17	176.83
00000007	2015	6	18	176.86
00000007	2015	6	19	176.88
00000007	2015	6	20	176.91
00000007	2015	6	21	176.93
00000007	2015	6	22	176.92
00000007	2015	6	23	176.96
00000007	2015	6	24	176.92
00000007	2015	6	25	176.92
00000007	2015	6	26	176.94
00000007	2015	6	27	176.95
00000007	2015	6	28	176.96
00000007	2015	6	29	176.99
00000007	2015	6	30	177.02
00000007	2015	7	1	177.05
00000007	2015	7	2	177.06
00000007	2015	7	3	177.08
00000007	2015	7	4	177.1
00000007	2015	7	5	177.09
00000007	2015	7	6	177.11
00000007	2015	7	7	177.14
00000007	2015	7	8	177.16
00000007	2015	7	9	177.2
00000007	2015	7	10	177.22
00000007	2015	7	11	177.25
00000007	2015	7	12	177.26
00000007	2015	7	13	177.27
00000007	2015	7	14	177.29
00000007	2015	7	15	177.31
00000007	2015	7	16	177.34
00000007	2015	7	17	177.37
00000007	2015	7	18	177.4
00000007	2015	7	19	177.41
00000007	2015	7	20	177.4
00000007	2015	7	21	177.41
00000007	2015	7	22	177.43
00000007	2015	7	23	177.45
00000007	2015	7	24	177.45
00000007	2015	7	25	177.46
00000007	2015	7	26	177.49
00000007	2015	7	27	177.52
00000007	2015	7	28	177.56
00000007	2015	7	29	177.59
00000007	2015	7	30	177.6
00000007	2015	7	31	177.62
00000007	2015	8	1	177.63
00000007	2015	8	2	177.65
00000007	2015	8	3	177.68
00000007	2015	8	4	177.72
00000007	2015	8	5	177.75
00000007	2015	8	6	177.75
00000007	2015	8	7	177.73
00000007	2015	8	8	177.75
00000007	2015	8	9	177.78
00000007	2015	8	10	177.82
00000007	2015	8	11	177.83
00000007	2015	8	12	177.84
00000007	2015	8	13	177.87
00000007	2015	8	14	177.91
00000007	2015	8	15	177.94
00000007	2015	8	16	177.97
00000007	2015	8	17	177.99
00000007	2015	8	18	178
00000007	2015	8	19	178.02
00000007	2015	8	20	177.99
00000007	2015	8	21	177.97
00000007	2015	8	22	177.99
00000007	2015	8	23	178.01
00000007	2015	8	24	178.04
00000007	2015	8	25	178.07
00000007	2015	8	26	178.09
00000007	2015	8	27	178.12
00000007	2015	8	28	178.15
00000007	2015	8	29	178.18
00000007	2015	8	30	178.18
00000007	2015	8	31	178.2
00000007	2015	9	1	178.23
00000007	2015	9	2	178.25
00000007	2015	9	3	178.26
00000007	2015	9	4	178.26
00000007	2015	9	5	178.27
00000007	2015	9	6	178.21
00000007	2015	9	7	178.21
00000007	2015	9	8	178.21
00000007	2015	9	9	178.22
00000007	2015	9	10	178.23
00000007	2015	9	11	178.25
00000007	2015	9	12	178.21
00000007	2015	9	13	178.24
00000007	2015	9	14	178.28
00000007	2015	9	15	178.31
00000007	2015	9	16	178.32
00000007	2015	9	17	178.32
00000007	2015	9	18	178.33
00000007	2015	9	19	178.35
00000007	2015	9	20	178.38
00000007	2015	9	21	178.4
00000007	2015	9	22	178.41
00000007	2015	9	23	178.43
00000007	2015	9	24	178.45
00000007	2015	9	25	178.46
00000007	2015	9	26	178.47
00000007	2015	9	27	178.48
00000007	2015	9	28	178.44
00000007	2015	9	29	178.32
00000007	2015	9	30	178.32
00000007	2015	10	1	178.33
00000007	2015	10	2	178.32
00000007	2015	10	3	178.33
00000007	2015	10	4	178.34
00000007	2015	10	5	178.37
00000007	2015	10	6	178.4
00000007	2015	10	7	178.41
00000007	2015	10	8	178.44
00000007	2015	10	9	178.46
00000007	2015	10	10	178.46
00000007	2015	10	11	178.49
00000007	2015	10	12	178.52
00000007	2015	10	13	178.56
00000007	2015	10	14	178.61
00000007	2015	10	15	178.66
00000007	2015	10	16	178.7
00000007	2015	10	17	178.74
00000007	2015	10	18	178.79
00000007	2015	10	19	178.82
00000007	2015	10	20	178.84
00000007	2015	10	21	178.87
00000007	2015	10	22	178.9
00000007	2015	10	23	178.91
00000007	2015	10	24	178.93
00000007	2015	10	25	178.95
00000007	2015	10	26	178.94
00000007	2015	10	27	178.92
00000007	2015	10	28	178.9
00000007	2015	10	29	178.93
00000007	2015	10	30	178.96
00000007	2015	10	31	178.96
00000007	2015	11	1	178.86
00000007	2015	11	2	178.73
00000007	2015	11	3	178.73
00000007	2015	11	4	178.75
00000007	2015	11	5	178.74
00000007	2015	11	6	178.71
00000007	2015	11	7	178.7
00000007	2015	11	8	178.59
00000007	2015	11	9	178.5
00000007	2015	11	10	178.5
00000007	2015	11	11	178.49
00000007	2015	11	12	178.48
00000007	2015	11	13	178.49
00000007	2015	11	14	178.51
00000007	2015	11	15	178.5
00000007	2015	11	16	178.48
00000007	2015	11	17	178.45
00000007	2015	11	18	178.35
00000007	2015	11	19	178.21
00000007	2015	11	20	178.21
00000007	2015	11	21	178.19
00000007	2015	11	22	178.18
00000007	2015	11	23	178.19
00000007	2015	11	24	178.19
00000007	2015	11	25	178.19
00000007	2015	11	26	178.18
00000007	2015	11	27	178.16
00000007	2015	11	28	178.13
00000007	2015	11	29	178.11
00000007	2015	11	30	178.1
00000007	2015	12	1	178.07
00000007	2015	12	2	178.04
00000007	2015	12	3	178.05
00000007	2015	12	4	178.06
00000007	2015	12	5	178.06
00000007	2015	12	6	178.04
00000007	2015	12	7	178.01
00000007	2015	12	8	178
00000007	2015	12	9	177.98
00000007	2015	12	10	177.97
00000007	2015	12	11	177.97
00000007	2015	12	12	177.98
00000007	2015	12	13	177.94
00000007	2015	12	14	177.9
00000007	2015	12	15	177.89
00000007	2015	12	16	177.85
00000007	2015	12	17	177.7
00000007	2015	12	18	177.73
00000007	2015	12	19	177.77
00000007	2015	12	20	177.76
00000007	2015	12	21	177.72
00000007	2015	12	22	177.59
00000007	2015	12	23	177.44
00000007	2015	12	24	177.34
00000007	2015	12	25	177.35
00000007	2015	12	26	177.35
00000007	2015	12	27	177.33
00000007	2015	12	28	177.26
00000007	2015	12	29	177.21
00000007	2015	12	30	177.16
00000007	2015	12	31	177.03
00000007	2016	1	1	177.01
00000007	2016	1	2	177
00000007	2016	1	3	176.95
00000007	2016	1	4	176.93
00000007	2016	1	5	176.93
00000007	2016	1	6	176.88
00000007	2016	1	7	176.81
00000007	2016	1	8	176.75
00000007	2016	1	9	176.69
00000007	2016	1	10	176.68
00000007	2016	1	11	176.67
00000007	2016	1	12	176.64
00000007	2016	1	13	176.62
00000007	2016	1	14	176.58
00000007	2016	1	15	176.45
00000007	2016	1	16	176.44
00000007	2016	1	17	176.44
00000007	2016	1	18	176.46
00000007	2016	1	19	176.45
00000007	2016	1	20	176.42
00000007	2016	1	21	176.34
00000007	2016	1	22	176.19
00000007	2016	1	23	176.22
00000007	2016	1	24	176.24
00000007	2016	1	25	176.23
00000007	2016	1	26	176.21
00000007	2016	1	27	176.16
00000007	2016	1	28	176.12
00000007	2016	1	29	176.13
00000007	2016	1	30	176.13
00000007	2016	1	31	176.11
00000007	2016	2	1	176.1
00000007	2016	2	2	176.08
00000007	2016	2	3	175.95
00000007	2016	2	4	175.93
00000007	2016	2	5	175.96
00000007	2016	2	6	175.95
00000007	2016	2	7	175.93
00000007	2016	2	8	175.89
00000007	2016	2	9	175.89
00000007	2016	2	10	175.91
00000007	2016	2	11	175.9
00000007	2016	2	12	175.89
00000007	2016	2	13	175.91
00000007	2016	2	14	175.89
00000007	2016	2	15	175.83
00000007	2016	2	16	175.77
00000007	2016	2	17	175.81
00000007	2016	2	18	175.83
00000007	2016	2	19	175.83
00000007	2016	2	20	175.82
00000007	2016	2	21	175.8
00000007	2016	2	22	175.78
00000007	2016	2	23	175.74
00000007	2016	2	24	175.62
00000007	2016	2	25	175.68
00000007	2016	2	26	175.7
00000007	2016	2	27	175.7
00000007	2016	2	28	175.71
00000007	2016	2	29	175.7
00000007	2016	3	1	175.7
00000007	2016	3	2	175.71
00000007	2016	3	3	175.68
00000007	2016	3	4	175.66
00000007	2016	3	5	175.67
00000007	2016	3	6	175.68
00000007	2016	3	7	175.7
00000007	2016	3	8	175.7
00000007	2016	3	9	175.7
00000007	2016	3	10	175.71
00000007	2016	3	11	175.72
00000007	2016	3	12	175.71
00000007	2016	3	13	175.7
00000007	2016	3	14	175.7
00000007	2016	3	15	175.71
00000007	2016	3	16	175.72
00000007	2016	3	17	175.7
00000007	2016	3	18	175.63
00000007	2016	3	19	175.62
00000007	2016	3	20	175.65
00000007	2016	3	21	175.7
00000007	2016	3	22	175.71
00000007	2016	3	23	175.71
00000007	2016	3	24	175.67
00000007	2016	3	25	175.64
00000007	2016	3	26	175.64
00000007	2016	3	27	175.6
00000007	2016	3	28	175.6
00000007	2016	3	29	175.63
00000007	2016	3	30	175.64
00000007	2016	3	31	175.62
00000007	2016	4	1	175.54
00000007	2016	4	2	175.48
00000007	2016	4	3	175.53
00000007	2016	4	4	175.54
00000007	2016	4	5	175.56
00000007	2016	4	6	175.56
00000007	2016	4	7	175.54
00000007	2016	4	8	175.56
00000007	2016	4	9	175.58
00000007	2016	4	10	175.6
00000007	2016	4	11	175.59
00000007	2016	4	12	175.56
00000007	2016	4	13	175.56
00000007	2016	4	14	175.53
00000007	2016	4	15	175.53
00000007	2016	4	16	175.54
00000007	2016	4	17	175.57
00000007	2016	4	18	175.58
00000007	2016	4	19	175.58
00000007	2016	4	20	175.59
00000007	2016	4	21	175.59
00000007	2016	4	22	175.58
00000007	2016	4	23	175.58
00000007	2016	4	24	175.6
00000007	2016	4	25	175.62
00000007	2016	4	26	175.62
00000007	2016	4	27	175.61
00000007	2016	4	28	175.58
00000007	2016	4	29	175.59
00000007	2016	4	30	175.6
00000007	2016	5	1	175.63
00000007	2016	5	2	175.65
00000007	2016	5	3	175.65
00000007	2016	5	4	175.66
00000007	2016	5	5	175.68
00000007	2016	5	6	175.71
00000007	2016	5	7	175.75
00000007	2016	5	8	175.78
00000007	2016	5	9	175.81
00000007	2016	5	10	175.84
00000007	2016	5	11	175.86
00000007	2016	5	12	175.88
00000007	2016	5	13	175.9
00000007	2016	5	14	175.93
00000007	2016	5	15	175.97
00000007	2016	5	16	175.99
00000007	2016	5	17	175.99
00000007	2016	5	18	175.97
00000007	2016	5	19	175.99
00000007	2016	5	20	175.98
00000007	2016	5	21	175.98
00000007	2016	5	22	176
00000007	2016	5	23	176.03
00000007	2016	5	24	176.07
00000007	2016	5	25	176.12
00000007	2016	5	26	176.14
00000007	2016	5	27	176.16
00000007	2016	5	28	176.19
00000007	2016	5	29	176.22
00000007	2016	5	30	176.24
00000007	2016	5	31	176.26
00000007	2016	6	1	176.29
00000007	2016	6	2	176.33
00000007	2016	6	3	176.35
00000007	2016	6	4	176.36
00000007	2016	6	5	176.32
00000007	2016	6	6	176.3
00000007	2016	6	7	176.32
00000007	2016	6	8	176.36
00000007	2016	6	9	176.4
00000007	2016	6	10	176.44
00000007	2016	6	11	176.48
00000007	2016	6	12	176.5
00000007	2016	6	13	176.52
00000007	2016	6	14	176.55
00000007	2016	6	15	176.58
00000007	2016	6	16	176.55
00000007	2016	6	17	176.56
00000007	2016	6	18	176.61
00000007	2016	6	19	176.66
00000007	2016	6	20	176.69
00000007	2016	6	21	176.71
00000007	2016	6	22	176.75
00000007	2016	6	23	176.78
00000007	2016	6	24	176.8
00000007	2016	6	25	176.83
00000007	2016	6	26	176.81
00000007	2016	6	27	176.76
00000007	2016	6	28	176.79
00000007	2016	6	29	176.82
00000007	2016	6	30	176.84
00000007	2016	7	1	176.87
00000007	2016	7	2	176.9
00000007	2016	7	3	176.94
00000007	2016	7	4	176.96
00000007	2016	7	5	176.97
00000007	2016	7	6	176.99
00000007	2016	7	7	177.02
00000007	2016	7	8	177.05
00000007	2016	7	9	177.08
00000007	2016	7	10	177.06
00000007	2016	7	11	177.03
00000007	2016	7	12	177.04
00000007	2016	7	13	177.05
00000007	2016	7	14	177.07
00000007	2016	7	15	177.1
00000007	2016	7	16	177.11
00000007	2016	7	17	177.12
00000007	2016	7	18	177.15
00000007	2016	7	19	177.17
00000007	2016	7	20	177.18
00000007	2016	7	21	177.17
00000007	2016	7	22	177.13
00000007	2016	7	23	177.15
00000007	2016	7	24	177.18
00000007	2016	7	25	177.21
00000007	2016	7	26	177.23
00000007	2016	7	27	177.26
00000007	2016	7	28	177.28
00000007	2016	7	29	177.31
00000007	2016	7	30	177.33
00000007	2016	7	31	177.35
00000007	2016	8	1	177.35
00000007	2016	8	2	177.36
00000007	2016	8	3	177.37
00000007	2016	8	4	177.38
00000007	2016	8	5	177.4
00000007	2016	8	6	177.42
00000007	2016	8	7	177.44
00000007	2016	8	8	177.46
00000007	2016	8	9	177.48
00000007	2016	8	10	177.5
00000007	2016	8	11	177.5
00000007	2016	8	12	177.49
00000007	2016	8	13	177.51
00000007	2016	8	14	177.54
00000007	2016	8	15	177.55
00000007	2016	8	16	177.57
00000007	2016	8	17	177.6
00000007	2016	8	18	177.61
00000007	2016	8	19	177.63
00000007	2016	8	20	177.64
00000007	2016	8	21	177.67
00000007	2016	8	22	177.71
00000007	2016	8	23	177.74
00000007	2016	8	24	177.76
00000007	2016	8	25	177.77
00000007	2016	8	26	177.79
00000007	2016	8	27	177.82
00000007	2016	8	28	177.84
00000007	2016	8	29	177.86
00000007	2016	8	30	177.87
00000007	2016	8	31	177.88
00000007	2016	9	1	177.89
00000007	2016	9	2	177.91
00000007	2016	9	3	177.95
00000007	2016	9	4	177.95
00000007	2016	9	5	177.97
00000007	2016	9	6	178
00000007	2016	9	7	178.02
00000007	2016	9	8	178.03
00000007	2016	9	9	178.05
00000007	2016	9	10	178.08
00000007	2016	9	11	178.1
00000007	2016	9	12	178.12
00000007	2016	9	13	178.13
00000007	2016	9	14	178.15
00000007	2016	9	15	178.17
00000007	2016	9	16	178.2
00000007	2016	9	17	178.2
00000007	2016	9	18	178.17
00000007	2016	9	19	178.19
00000007	2016	9	20	178.21
00000007	2016	9	21	178.24
00000007	2016	9	22	178.26
00000007	2016	9	23	178.28
00000007	2016	9	24	178.31
00000007	2016	9	25	178.34
00000007	2016	9	26	178.35
00000007	2016	9	27	178.36
00000007	2016	9	28	178.38
00000007	2016	9	29	178.41
00000007	2016	9	30	178.44
00000007	2016	10	1	178.46
00000007	2016	10	2	178.48
00000007	2016	10	3	178.48
00000007	2016	10	4	178.51
00000007	2016	10	5	178.54
00000007	2016	10	6	178.56
00000007	2016	10	7	178.55
00000007	2016	10	8	178.58
00000007	2016	10	9	178.63
00000007	2016	10	10	178.66
00000007	2016	10	11	178.68
00000007	2016	10	12	178.68
00000007	2016	10	13	178.7
00000007	2016	10	14	178.73
00000007	2016	10	15	178.76
00000007	2016	10	16	178.77
00000007	2016	10	17	178.78
00000007	2016	10	18	178.81
00000007	2016	10	19	178.83
00000007	2016	10	20	178.83
00000007	2016	10	21	178.84
00000007	2016	10	22	178.88
00000007	2016	10	23	178.92
00000007	2016	10	24	178.94
00000007	2016	10	25	178.95
00000007	2016	10	26	178.98
00000007	2016	10	27	179
00000007	2016	10	28	179.01
00000007	2016	10	29	179.03
00000007	2016	10	30	179.03
00000007	2016	10	31	179.04
00000007	2016	11	1	179.07
00000007	2016	11	2	179.1
00000007	2016	11	3	179.11
00000007	2016	11	4	179.11
00000007	2016	11	5	179.14
00000007	2016	11	6	179.16
00000007	2016	11	7	179.17
00000007	2016	11	8	179.18
00000007	2016	11	9	179.18
00000007	2016	11	10	179.2
00000007	2016	11	11	179.19
00000007	2016	11	12	179.2
00000007	2016	11	13	179.21
00000007	2016	11	14	179.21
00000007	2016	11	15	179.21
00000007	2016	11	16	179.23
00000007	2016	11	17	179.24
00000007	2016	11	18	179.27
00000007	2016	11	19	179.28
00000007	2016	11	20	179.3
00000007	2016	11	21	179.31
00000007	2016	11	22	179.33
00000007	2016	11	23	179.34
00000007	2016	11	24	179.35
00000007	2016	11	25	179.37
00000007	2016	11	26	179.38
00000007	2016	11	27	179.38
00000007	2016	11	28	179.36
00000007	2016	11	29	179.36
00000007	2016	11	30	179.34
00000007	2016	12	1	179.34
00000007	2016	12	2	179.37
00000007	2016	12	3	179.38
00000007	2016	12	4	179.33
00000007	2016	12	5	179.22
00000007	2016	12	6	179.08
00000007	2016	12	7	179.13
00000007	2016	12	8	179.16
00000007	2016	12	9	179.19
00000007	2016	12	10	179.21
00000007	2016	12	11	179.2
00000007	2016	12	12	179.18
00000007	2016	12	13	179.16
00000007	2016	12	14	179.13
00000007	2016	12	15	179.16
00000007	2016	12	16	179.16
00000007	2016	12	17	179.14
00000007	2016	12	18	179.16
00000007	2016	12	19	179.13
00000007	2016	12	20	179.12
00000007	2016	12	21	179.11
00000007	2016	12	22	179.12
00000007	2016	12	23	179.12
00000007	2016	12	24	179.12
00000007	2016	12	25	179.12
00000007	2016	12	26	179.13
00000007	2016	12	27	179.11
00000007	2016	12	28	179.09
00000007	2016	12	29	179.09
00000007	2016	12	30	179.11
00000007	2016	12	31	179.09
00000007	2017	1	1	178.94
00000007	2017	1	2	178.76
00000007	2017	1	3	178.68
00000007	2017	1	4	178.66
00000007	2017	1	5	178.64
00000007	2017	1	6	178.59
00000007	2017	1	7	178.55
00000007	2017	1	8	178.58
00000007	2017	1	9	178.55
00000007	2017	1	10	178.51
00000007	2017	1	11	178.49
00000007	2017	1	12	178.49
00000007	2017	1	13	178.49
00000007	2017	1	14	178.46
00000007	2017	1	15	178.43
00000007	2017	1	16	178.41
00000007	2017	1	17	178.39
00000007	2017	1	18	178.36
00000007	2017	1	19	178.32
00000007	2017	1	20	178.26
00000007	2017	1	21	178.15
00000007	2017	1	22	177.92
00000007	2017	1	23	177.92
00000007	2017	1	24	177.95
00000007	2017	1	25	177.93
00000007	2017	1	26	177.93
00000007	2017	1	27	177.93
00000007	2017	1	28	177.91
00000007	2017	1	29	177.88
00000007	2017	1	30	177.89
00000007	2017	1	31	177.87
00000007	2017	2	1	177.87
00000007	2017	2	2	177.86
00000007	2017	2	3	177.85
00000007	2017	2	4	177.83
00000007	2017	2	5	177.81
00000007	2017	2	6	177.79
00000007	2017	2	7	177.72
00000007	2017	2	8	177.63
00000007	2017	2	9	177.67
00000007	2017	2	10	177.68
00000007	2017	2	11	177.65
00000007	2017	2	12	177.64
00000007	2017	2	13	177.63
00000007	2017	2	14	177.59
00000007	2017	2	15	177.55
00000007	2017	2	16	177.58
00000007	2017	2	17	177.57
00000007	2017	2	18	177.54
00000007	2017	2	19	177.55
00000007	2017	2	20	177.55
00000007	2017	2	21	177.49
00000007	2017	2	22	177.36
00000007	2017	2	23	177.35
00000007	2017	2	24	177.34
00000007	2017	2	25	177.35
00000007	2017	2	26	177.38
00000007	2017	2	27	177.37
00000007	2017	2	28	177.32
00000007	2017	3	1	177.3
00000007	2017	3	2	177.31
00000007	2017	3	3	177.34
00000007	2017	3	4	177.35
00000007	2017	3	5	177.33
00000007	2017	3	6	177.33
00000007	2017	3	7	177.32
00000007	2017	3	8	177.3
00000007	2017	3	9	177.29
00000007	2017	3	10	177.27
00000007	2017	3	11	177.28
00000007	2017	3	12	177.26
00000007	2017	3	13	177.23
00000007	2017	3	14	177.23
00000007	2017	3	15	177.26
00000007	2017	3	16	177.26
00000007	2017	3	17	177.26
00000007	2017	3	18	177.24
00000007	2017	3	19	177.25
00000007	2017	3	20	177.24
00000007	2017	3	21	177.23
00000007	2017	3	22	177.24
00000007	2017	3	23	177.26
00000007	2017	3	24	177.26
00000007	2017	3	25	177.24
00000007	2017	3	26	177.22
00000007	2017	3	27	177.22
00000007	2017	3	28	177.22
00000007	2017	3	29	177.22
00000007	2017	3	30	177.22
00000007	2017	3	31	177.22
00000007	2017	4	1	177.22
00000007	2017	4	2	177.22
00000007	2017	4	3	177.22
00000007	2017	4	4	177.22
00000007	2017	4	5	177.22
00000007	2017	4	6	177.22
00000007	2017	4	7	177.22
00000007	2017	4	8	177.22
00000007	2017	4	9	177.22
00000007	2017	4	10	177.22
00000007	2017	4	11	177.22
00000007	2017	4	12	177.22
00000007	2017	4	13	177.22
00000007	2017	4	14	177.22
00000007	2017	4	15	177.22
00000007	2017	4	16	177.22
00000007	2017	4	17	177.22
00000007	2017	4	18	177.22
00000007	2017	4	19	177.22
00000007	2017	4	20	177.22
00000007	2017	4	21	177.22
00000007	2017	4	22	177.22
00000007	2017	4	23	177.22
00000007	2017	4	24	177.22
00000007	2017	4	25	177.22
00000007	2017	4	26	177.22
00000007	2017	4	27	177.22
00000007	2017	4	28	177.22
00000007	2017	4	29	177.22
00000007	2017	4	30	177.22
00000007	2017	5	1	177.22
00000007	2017	5	2	177.22
00000007	2017	5	3	177.22
00000007	2017	5	4	177.22
00000007	2017	5	5	177.22
00000007	2017	5	6	177.22
00000007	2017	5	7	177.22
00000007	2017	5	8	177.22
00000007	2017	5	9	177.22
00000007	2017	5	10	177.22
00000007	2017	5	11	177.22
00000007	2017	5	12	177.22
00000007	2017	5	13	177.22
00000007	2017	5	14	177.22
00000007	2017	5	15	177.22
00000007	2017	5	16	177.22
00000007	2017	5	17	177.22
00000007	2017	5	18	177.22
00000007	2017	5	19	177.22
00000007	2017	5	20	177.22
00000007	2017	5	21	177.22
00000007	2017	5	22	177.22
00000007	2017	5	23	177.22
00000007	2017	5	24	177.22
00000007	2017	5	25	177.22
00000007	2017	5	26	177.22
00000007	2017	5	27	177.22
00000007	2017	5	28	177.22
00000007	2017	5	29	177.22
00000007	2017	5	30	177.22
00000007	2017	5	31	177.22
00000007	2017	6	1	177.22
00000007	2017	6	2	177.22
00000007	2017	6	3	177.22
00000007	2017	6	4	177.22
00000007	2017	6	5	177.22
00000007	2017	6	6	177.22
00000007	2017	6	7	177.22
00000007	2017	6	8	177.22
00000007	2017	6	9	177.22
00000007	2017	6	10	177.22
00000007	2017	6	11	177.22
00000007	2017	6	12	177.22
00000007	2017	6	13	177.22
00000007	2017	6	14	177.22
00000007	2017	6	15	177.22
00000007	2017	6	16	177.22
00000007	2017	6	17	177.22
00000007	2017	6	18	177.22
00000007	2017	6	19	177.22
00000007	2017	6	20	177.22
00000007	2017	6	21	177.22
00000007	2017	6	22	177.22
00000007	2017	6	23	177.22
00000007	2017	6	24	177.22
00000007	2017	6	25	177.22
00000007	2017	6	26	177.22
00000007	2017	6	27	177.13
00000007	2017	6	28	177.13
00000007	2017	6	29	176.92
00000007	2017	6	30	176.81
00000007	2017	7	1	176.81
00000007	2017	7	2	176.84
00000007	2017	7	3	176.86
00000007	2017	7	4	176.89
00000007	2017	7	5	176.92
00000007	2017	7	6	176.95
00000007	2017	7	7	176.96
00000007	2017	7	8	176.92
00000007	2017	7	9	176.9
00000007	2017	7	10	176.91
00000007	2017	7	11	176.91
00000007	2017	7	12	176.92
00000007	2017	7	13	176.88
00000007	2017	7	14	176.87
00000007	2017	7	15	176.86
00000007	2017	7	16	176.86
00000007	2017	7	17	176.82
00000007	2017	7	18	176.83
00000007	2017	7	19	176.84
00000007	2017	7	20	176.84
00000007	2017	7	21	176.85
00000007	2017	7	22	176.86
00000007	2017	7	23	176.86
00000007	2017	7	24	176.88
00000007	2017	7	25	176.9
00000007	2017	7	26	176.89
00000007	2017	7	27	176.87
00000007	2017	7	28	176.87
00000007	2017	7	29	176.84
00000007	2017	7	30	176.85
00000007	2017	7	31	176.83
00000007	2017	8	1	176.86
00000007	2017	8	2	176.87
00000007	2017	8	3	176.89
00000007	2017	8	4	176.87
00000007	2017	8	5	176.81
00000007	2017	8	6	176.82
00000007	2017	8	7	176.82
00000007	2017	8	8	176.82
00000007	2017	8	9	176.83
00000007	2017	8	10	176.85
00000007	2017	8	11	176.84
00000007	2017	8	12	176.84
00000007	2017	8	13	176.85
00000007	2017	8	14	176.85
00000007	2017	8	15	176.85
00000007	2017	8	16	176.84
00000007	2017	8	17	176.86
00000007	2017	8	18	176.88
00000007	2017	8	19	176.89
00000007	2017	8	20	176.93
00000007	2017	8	21	176.96
00000007	2017	8	22	176.97
00000007	2017	8	23	176.97
00000007	2017	8	24	176.99
00000007	2017	8	25	177.02
00000007	2017	8	26	177.05
00000007	2017	8	27	177.06
00000007	2017	8	28	177.08
00000007	2017	8	29	177.1
00000007	2017	8	30	177.07
00000007	2017	8	31	176.93
00000007	2017	9	1	176.9
00000007	2017	9	2	176.93
00000007	2017	9	3	176.95
00000007	2017	9	4	176.96
00000007	2017	9	5	176.97
00000007	2017	9	6	176.99
00000007	2017	9	7	177.02
00000007	2017	9	8	177.03
00000007	2017	9	9	177.06
00000007	2017	9	10	177.07
00000007	2017	9	11	176.9
00000007	2017	9	12	176.86
00000007	2017	9	13	176.89
00000007	2017	9	14	176.91
00000007	2017	9	15	176.92
00000007	2017	9	16	176.92
00000007	2017	9	17	176.94
00000007	2017	9	18	176.95
00000007	2017	9	19	176.95
00000007	2017	9	20	176.9
00000007	2017	9	21	176.92
00000007	2017	9	22	176.93
00000007	2017	9	23	176.94
00000007	2017	9	24	176.95
00000007	2017	9	25	176.96
00000007	2017	9	26	176.97
00000007	2017	9	27	176.98
00000007	2017	9	28	176.99
00000007	2017	9	29	177.01
00000007	2017	9	30	177.03
00000007	2017	10	1	177.05
00000007	2017	10	2	177.08
00000007	2017	10	3	177.11
00000007	2017	10	4	177.12
00000007	2017	10	5	177.12
00000007	2017	10	6	177.12
00000007	2017	10	7	177.12
00000007	2017	10	8	177.02
00000007	2017	10	9	176.98
00000007	2017	10	10	177
00000007	2017	10	11	177.01
00000007	2017	10	12	177.01
00000007	2017	10	13	177.04
00000007	2017	10	14	177.06
00000007	2017	10	15	177.06
00000007	2017	10	16	177.07
00000007	2017	10	17	177.1
00000007	2017	10	18	177.11
00000007	2017	10	19	177.13
00000007	2017	10	20	177.14
00000007	2017	10	21	177.16
00000007	2017	10	22	177.15
00000007	2017	10	23	177.04
00000007	2017	10	24	177.04
00000007	2017	10	25	177.05
00000007	2017	10	26	177.06
00000007	2017	10	27	177.07
00000007	2017	10	28	177.05
00000007	2017	10	29	177.05
00000007	2017	10	30	177.08
00000007	2017	10	31	177.1
00000007	2017	11	1	177.1
00000007	2017	11	2	177.13
00000007	2017	11	3	177.13
00000007	2017	11	4	177.14
00000007	2017	11	5	177.14
00000007	2017	11	6	177.16
00000007	2017	11	7	177.16
00000007	2017	11	8	177.17
00000007	2017	11	9	177.15
00000007	2017	11	10	177.15
00000007	2017	11	11	177.17
00000007	2017	11	12	177.19
00000007	2017	11	13	177.2
00000007	2017	11	14	177.2
00000007	2017	11	15	177.2
00000007	2017	11	16	177.21
00000007	2017	11	17	177.22
00000007	2017	11	18	177.2
00000007	2017	11	19	177.22
00000007	2017	11	20	177.24
00000007	2017	11	21	177.23
00000007	2017	11	22	177.23
00000007	2017	11	23	177.23
00000007	2017	11	24	177.24
00000007	2017	11	25	177.24
00000007	2017	11	26	177.27
00000007	2017	11	27	177.28
00000007	2017	11	28	177.3
00000007	2017	11	29	177.31
00000007	2017	11	30	177.3
00000007	2017	12	1	177.3
00000007	2017	12	2	177.32
00000007	2017	12	3	177.33
00000007	2017	12	4	177.34
00000007	2017	12	5	177.34
00000007	2017	12	6	177.33
00000007	2017	12	7	177.32
00000007	2017	12	8	177.23
00000007	2017	12	9	177.22
00000007	2017	12	10	177.25
00000007	2017	12	11	177.24
00000007	2017	12	12	177.23
00000007	2017	12	13	177.25
00000007	2017	12	14	177.24
00000007	2017	12	15	177.26
00000007	2017	12	16	177.29
00000007	2017	12	17	177.28
00000007	2017	12	18	177.29
00000007	2017	12	19	177.29
00000007	2017	12	20	177.25
00000007	2017	12	21	177.26
00000007	2017	12	22	177.27
00000007	2017	12	23	177.27
00000007	2017	12	24	177.27
00000007	2017	12	25	177.31
00000007	2017	12	26	177.32
00000007	2017	12	27	177.3
00000007	2017	12	28	177.3
00000007	2017	12	29	177.31
00000007	2017	12	30	177.3
00000007	2017	12	31	177.31
00000007	2018	1	1	177.34
00000007	2018	1	2	177.34
00000007	2018	1	3	177.31
00000007	2018	1	4	177.33
00000007	2018	1	5	177.36
00000007	2018	1	6	177.37
00000007	2018	1	7	177.38
00000007	2018	1	8	177.35
00000007	2018	1	9	177.35
00000007	2018	1	10	177.35
00000007	2018	1	11	177.34
00000007	2018	1	12	177.3
00000007	2018	1	13	177.36
00000007	2018	1	14	177.38
00000007	2018	1	15	177.38
00000007	2018	1	16	177.39
00000007	2018	1	17	177.39
00000007	2018	1	18	177.4
00000007	2018	1	19	177.4
00000007	2018	1	20	177.41
00000007	2018	1	21	177.41
00000007	2018	1	22	177.39
00000007	2018	1	23	177.4
00000007	2018	1	24	177.44
00000007	2018	1	25	177.47
00000007	2018	1	26	177.48
00000007	2018	1	27	177.47
00000007	2018	1	28	177.42
00000007	2018	1	29	177.42
00000007	2018	1	30	177.46
00000007	2018	1	31	177.45
00000007	2018	2	1	177.45
00000007	2018	2	2	177.48
00000007	2018	2	3	177.47
00000007	2018	2	4	177.41
00000007	2018	2	5	177.44
00000007	2018	2	6	177.45
00000007	2018	2	7	177.4
00000007	2018	2	8	177.4
00000007	2018	2	9	177.39
00000007	2018	2	10	177.37
00000007	2018	2	11	177.18
00000007	2018	2	12	177.17
00000007	2018	2	13	177.2
00000007	2018	2	14	177.2
00000007	2018	2	15	177.17
00000007	2018	2	16	177.16
00000007	2018	2	17	177.16
00000007	2018	2	18	177.16
00000007	2018	2	19	177.12
00000007	2018	2	20	177.12
00000007	2018	2	21	177.11
00000007	2018	2	22	177.11
00000007	2018	2	23	177.1
00000007	2018	2	24	177.08
00000007	2018	2	25	177.08
00000007	2018	2	26	177.04
00000007	2018	2	27	177.04
00000007	2018	2	28	177
00000007	2018	3	1	176.98
00000007	2018	3	2	177.01
00000007	2018	3	3	177.01
00000007	2018	3	4	177
00000007	2018	3	5	176.98
00000007	2018	3	6	176.93
00000007	2018	3	7	176.93
00000007	2018	3	8	176.93
00000007	2018	3	9	176.93
00000007	2018	3	10	176.92
00000007	2018	3	11	176.89
00000007	2018	3	12	176.89
00000007	2018	3	13	176.91
00000007	2018	3	14	176.92
00000007	2018	3	15	176.92
00000007	2018	3	16	176.92
00000007	2018	3	17	176.91
00000007	2018	3	18	176.89
00000007	2018	3	19	176.83
00000007	2018	3	20	176.83
00000007	2018	3	21	176.88
00000007	2018	3	22	176.91
00000007	2018	3	23	176.92
00000007	2018	3	24	176.91
00000007	2018	3	25	176.92
00000007	2018	3	26	176.96
00000007	2018	3	27	176.96
00000007	2018	3	28	176.95
00000007	2018	3	29	176.94
00000007	2018	3	30	176.91
00000007	2018	3	31	176.93
00000007	2018	4	1	176.93
00000007	2018	4	2	176.93
00000007	2018	4	3	176.94
00000007	2018	4	4	176.95
00000007	2018	4	5	176.97
00000007	2018	4	6	176.96
00000007	2018	4	7	176.94
00000007	2018	4	8	176.96
00000007	2018	4	9	176.98
00000007	2018	4	10	177
00000007	2018	4	11	177.03
00000007	2018	4	12	177.04
00000007	2018	4	13	177.05
00000007	2018	4	14	177.05
00000007	2018	4	15	176.91
00000007	2018	4	16	176.91
00000007	2018	4	17	176.92
00000007	2018	4	18	176.94
00000007	2018	4	19	176.97
00000007	2018	4	20	177.01
00000007	2018	4	21	177.02
00000007	2018	4	22	176.98
00000007	2018	4	23	176.91
00000007	2018	4	24	176.93
00000007	2018	4	25	176.93
00000007	2018	4	26	176.91
00000007	2018	4	27	176.9
00000007	2018	4	28	176.93
00000007	2018	4	29	176.96
00000007	2018	4	30	176.98
00000007	2018	5	1	177
00000007	2018	5	2	177.02
00000007	2018	5	3	177.04
00000007	2018	5	4	177.05
00000007	2018	5	5	177.05
00000007	2018	5	6	177.06
00000007	2018	5	7	177.09
00000007	2018	5	8	177.11
00000007	2018	5	9	177.13
00000007	2018	5	10	177.15
00000007	2018	5	11	177.17
00000007	2018	5	12	177.19
00000007	2018	5	13	177.2
00000007	2018	5	14	177.2
00000007	2018	5	15	177.21
00000007	2018	5	16	177.21
00000007	2018	5	17	177.21
00000007	2018	5	18	177.2
00000007	2018	5	19	177.18
00000007	2018	5	20	177.2
00000007	2018	5	21	177.19
00000007	2018	5	22	176.97
00000007	2018	5	23	176.93
00000007	2018	5	24	176.9
00000007	2018	5	25	176.87
00000007	2018	5	26	176.88
00000007	2018	5	27	176.88
00000007	2018	5	28	176.81
00000007	2018	5	29	176.76
00000007	2018	5	30	176.77
00000007	2018	5	31	176.79
00000007	2018	6	1	176.8
00000007	2018	6	2	176.77
00000007	2018	6	3	176.74
00000007	2018	6	4	176.74
00000007	2018	6	5	176.74
00000007	2018	6	6	176.74
00000007	2018	6	7	176.77
00000007	2018	6	8	176.79
00000007	2018	6	9	176.78
00000007	2018	6	10	176.75
00000007	2018	6	11	176.7
00000007	2018	6	12	176.64
00000007	2018	6	13	176.66
00000007	2018	6	14	176.66
00000007	2018	6	15	176.66
00000007	2018	6	16	176.66
00000007	2018	6	17	176.68
00000007	2018	6	18	176.68
00000007	2018	6	19	176.68
00000007	2018	6	20	176.69
00000007	2018	6	21	176.69
00000007	2018	6	22	176.7
00000007	2018	6	23	176.72
00000007	2018	6	24	176.74
00000007	2018	6	25	176.76
00000007	2018	6	26	176.78
00000007	2018	6	27	176.79
00000007	2018	6	28	176.77
00000007	2018	6	29	176.72
00000007	2018	6	30	176.73
00000007	2018	7	1	176.74
00000007	2018	7	2	176.75
00000007	2018	7	3	176.77
00000007	2018	7	4	176.79
00000007	2018	7	5	176.82
00000007	2018	7	6	176.83
00000007	2018	7	7	176.84
00000007	2018	7	8	176.87
00000007	2018	7	9	176.88
00000007	2018	7	10	176.89
00000007	2018	7	11	176.9
00000007	2018	7	12	176.93
00000007	2018	7	13	176.96
00000007	2018	7	14	176.93
00000007	2018	7	15	176.9
00000007	2018	7	16	176.91
00000007	2018	7	17	177.4
00000007	2018	7	18	176.83
00000007	2018	7	19	176.82
00000007	2018	7	20	176.82
00000007	2018	7	21	176.83
00000007	2018	7	22	176.84
00000007	2018	7	23	176.85
00000007	2018	7	24	176.86
00000007	2018	7	25	176.86
00000007	2018	7	26	176.88
00000007	2018	7	27	176.91
00000007	2018	7	28	176.94
00000007	2018	7	29	176.97
00000007	2018	7	30	176.99
00000007	2018	7	31	177.01
00000007	2018	8	1	177.01
00000007	2018	8	2	177.01
00000007	2018	8	3	177.03
00000007	2018	8	4	177.06
00000007	2018	8	5	177.09
00000007	2018	8	6	177.11
00000007	2018	8	7	177.12
00000007	2018	8	8	177.14
00000007	2018	8	9	177.16
00000007	2018	9	13	177.34
00000007	2018	9	14	177.34
00000007	2018	9	15	177.35
00000007	2018	9	16	177.38
00000007	2018	9	17	177.41
00000007	2018	9	18	177.42
00000007	2018	9	19	177.45
00000007	2018	9	20	177.47
00000007	2018	9	21	177.5
00000007	2018	9	22	177.52
00000007	2018	9	23	177.53
00000007	2018	9	24	177.55
00000007	2018	9	25	177.57
00000007	2018	9	26	177.57
00000007	2018	9	27	177.56
00000007	2018	9	28	177.57
00000007	2018	9	29	177.59
00000007	2018	9	30	177.6
00000007	2018	10	1	177.58
00000007	2018	10	2	177.59
00000007	2018	10	3	177.61
00000007	2018	10	4	177.63
00000007	2018	10	5	177.64
00000007	2018	10	6	177.67
00000007	2018	10	7	177.68
00000007	2018	10	8	177.69
00000007	2018	10	9	177.7
00000007	2018	10	10	177.53
00000007	2018	10	11	177.43
00000007	2018	10	12	177.45
00000007	2018	10	13	177.46
00000007	2018	10	14	177.49
00000007	2018	10	15	177.51
00000007	2018	10	16	177.53
00000007	2018	10	17	177.55
00000007	2018	10	18	177.57
00000007	2018	10	19	177.57
00000007	2018	10	20	177.56
00000007	2018	10	21	177.59
00000007	2018	10	22	177.6
00000007	2018	10	23	177.6
00000007	2018	10	24	177.6
00000007	2018	10	25	177.59
00000007	2018	10	26	177.54
00000007	2018	10	27	177.57
00000007	2018	10	28	177.59
00000007	2018	10	29	177.61
00000007	2018	10	30	177.62
00000007	2018	10	31	177.62
00000007	2018	11	1	177.58
00000007	2018	11	2	177.57
00000007	2018	11	3	177.61
00000007	2018	11	4	177.62
00000007	2018	11	5	177.6
00000007	2018	11	6	177.6
00000007	2018	11	7	177.61
00000007	2018	11	8	177.6
00000007	2018	11	9	177.6
00000007	2018	11	10	177.63
00000007	2018	11	11	177.64
00000007	2018	11	12	177.57
00000007	2018	11	13	177.49
00000007	2018	11	14	177.48
00000007	2018	11	15	177.43
00000007	2018	11	16	177.44
00000007	2018	11	17	177.44
00000007	2018	11	18	177.45
00000007	2018	11	19	177.44
00000007	2018	11	20	177.45
00000007	2018	11	21	177.46
00000007	2018	11	22	177.46
00000007	2018	11	23	177.44
00000007	2018	11	24	177.38
00000007	2018	11	25	177.38
00000007	2018	11	26	177.38
00000007	2018	11	27	177.39
00000007	2018	11	28	177.4
00000007	2018	11	29	177.4
00000007	2018	11	30	177.39
00000007	2018	12	1	177.32
00000007	2018	12	2	177.25
00000007	2018	12	3	177.27
00000007	2018	12	4	177.29
00000007	2018	12	5	177.31
00000007	2018	12	6	177.32
00000007	2018	12	7	177.32
00000007	2018	12	8	177.29
00000007	2018	12	9	177.17
00000007	2018	12	10	177.2
00000007	2018	12	11	177.22
00000007	2018	12	12	177.2
00000007	2018	12	13	177.18
00000007	2018	12	14	177.1
00000007	2018	12	15	177.1
00000007	2018	12	16	177.12
00000007	2018	12	17	177.11
00000007	2018	12	18	177.1
00000007	2018	12	19	177.08
00000007	2018	12	20	176.99
00000007	2018	12	21	176.97
00000007	2018	12	22	177.02
00000007	2018	12	23	177.02
00000007	2018	12	24	177.03
00000007	2018	12	25	177.03
00000007	2018	12	26	177.04
00000007	2018	12	27	177.01
00000007	2018	12	28	176.96
00000007	2018	12	29	176.93
00000007	2018	12	30	176.91
00000007	2018	12	31	176.9
00000007	2019	1	1	176.87
00000007	2019	1	2	176.85
00000007	2019	1	3	176.81
00000007	2019	1	4	176.7
00000007	2019	1	5	176.74
00000007	2019	1	6	176.75
00000007	2019	1	7	176.75
00000007	2019	1	8	176.73
00000007	2019	1	9	176.72
00000007	2019	1	10	176.71
00000007	2019	1	11	176.71
00000007	2019	1	12	176.7
00000007	2019	1	13	176.67
00000007	2019	1	14	176.67
00000007	2019	1	15	176.67
00000007	2019	1	16	176.67
00000007	2019	1	17	176.65
00000007	2019	1	18	176.62
00000007	2019	1	19	176.58
00000007	2019	1	20	176.6
00000007	2019	1	21	176.62
00000007	2019	1	22	176.62
00000007	2019	1	23	176.53
00000007	2019	1	24	176.42
00000007	2019	1	25	176.46
00000007	2019	1	26	176.45
00000007	2019	1	27	176.43
00000007	2019	1	28	176.41
00000007	2019	1	29	176.4
00000007	2019	1	30	176.42
00000007	2019	1	31	176.43
00000007	2019	2	1	176.41
00000007	2019	2	2	176.38
00000007	2019	2	3	176.37
00000007	2019	2	4	176.37
00000007	2019	2	5	176.37
00000007	2019	2	6	176.37
00000007	2019	2	7	176.36
00000007	2019	2	8	176.39
00000007	2019	2	9	176.41
00000007	2019	2	10	176.4
00000007	2019	2	11	176.36
00000007	2019	2	12	176.34
00000007	2019	2	13	176.34
00000007	2019	2	14	176.33
00000007	2019	2	15	176.3
00000007	2019	2	16	176.29
00000007	2019	2	17	176.3
00000007	2019	2	18	176.33
00000007	2019	2	19	176.34
00000007	2019	2	20	176.32
00000007	2019	2	21	176.3
00000007	2019	2	22	176.31
00000007	2019	2	23	176.3
00000007	2019	2	24	176.31
00000007	2019	2	25	176.35
00000007	2019	2	26	176.34
00000007	2019	2	27	176.33
00000007	2019	2	28	176.31
00000007	2019	3	1	176.3
00000007	2019	3	2	176.3
00000007	2019	3	3	176.25
00000007	2019	3	4	176.22
00000007	2019	3	5	176.22
00000007	2019	3	6	176.25
00000007	2019	3	7	176.25
00000007	2019	3	8	176.24
00000007	2019	3	9	176.24
00000007	2019	3	10	176.26
00000007	2019	3	11	176.26
00000007	2019	3	12	176.24
00000007	2019	3	13	176.23
00000007	2019	3	14	176.23
00000007	2019	3	15	176.24
00000007	2019	3	16	176.25
00000007	2019	3	17	176.25
00000007	2019	3	18	176.26
00000007	2019	3	19	176.27
00000007	2019	3	20	176.26
00000007	2019	3	21	176.25
00000007	2019	3	22	176.27
00000007	2019	3	23	176.3
00000007	2019	3	24	176.3
00000007	2019	3	25	176.28
00000007	2019	3	26	176.3
00000007	2019	3	27	176.33
00000007	2019	3	28	176.34
00000007	2019	3	29	176.33
00000007	2019	3	30	176.33
00000007	2019	3	31	176.34
00000007	2019	4	1	176.35
00000007	2019	4	2	176.35
00000007	2019	4	3	176.39
00000007	2019	4	4	176.38
00000007	2019	4	5	176.33
00000007	2019	4	6	176.34
00000007	2019	4	7	176.35
00000007	2019	4	8	176.31
00000007	2019	4	9	176.26
00000007	2019	4	10	176.27
00000007	2019	4	11	176.29
00000007	2019	4	12	176.31
00000007	2019	4	13	176.31
00000007	2019	4	14	176.29
00000007	2019	4	15	176.34
00000007	2019	4	16	176.37
00000007	2019	4	17	176.37
00000007	2019	4	18	176.36
00000007	2019	4	19	176.3
00000007	2019	4	20	176.34
00000007	2019	4	21	176.39
00000007	2019	4	22	176.41
00000007	2019	4	23	176.43
00000007	2019	4	24	176.43
00000007	2019	4	25	176.43
00000007	2019	4	26	176.41
00000007	2019	4	27	176.45
00000007	2019	4	28	176.47
00000007	2019	4	29	176.51
00000007	2019	4	30	176.53
00000007	2019	5	1	176.56
00000007	2019	5	2	176.57
00000007	2019	5	3	176.58
00000007	2019	5	4	176.56
00000007	2019	5	5	176.52
00000007	2019	5	6	176.57
00000007	2019	5	7	176.6
00000007	2019	5	8	176.61
00000007	2019	5	9	176.63
00000007	2019	5	10	176.63
00000007	2019	5	11	176.64
00000007	2019	5	12	176.59
00000007	2019	5	13	176.6
00000007	2019	5	14	176.63
00000007	2019	5	15	176.66
00000007	2019	5	16	176.68
00000007	2019	5	17	176.7
00000007	2019	5	18	176.73
00000007	2019	5	19	176.76
00000007	2019	5	20	176.79
00000007	2019	5	21	176.81
00000007	2019	5	22	176.86
00000007	2019	5	23	176.9
00000007	2019	5	24	176.92
00000007	2019	5	25	176.95
00000007	2019	5	26	176.97
00000007	2019	5	27	176.99
00000007	2019	5	28	177.01
00000007	2019	5	29	177.03
00000007	2019	5	30	177.06
00000007	2019	5	31	177.08
00000007	2019	6	1	177.1
00000007	2019	6	2	177.13
00000007	2019	6	3	177.16
00000007	2019	6	4	177.19
00000007	2019	6	5	177.21
00000007	2019	6	6	177.21
00000007	2019	6	7	177.2
00000007	2019	6	8	177.2
00000007	2019	6	9	177.19
00000007	2019	6	10	177.16
00000007	2019	6	11	177.16
00000007	2019	6	12	177.18
00000007	2019	6	13	177.23
00000007	2019	6	14	177.27
00000007	2019	6	15	177.3
00000007	2019	6	16	177.32
00000007	2019	6	17	177.35
00000007	2019	6	18	177.36
00000007	2019	6	19	177.34
00000007	2019	6	20	177.35
00000007	2019	6	21	177.38
00000007	2019	6	22	177.42
00000007	2019	6	23	177.44
00000007	2019	6	24	177.46
00000007	2019	6	25	177.51
00000007	2019	6	26	177.55
00000007	2019	6	27	177.58
00000007	2019	6	28	177.61
00000007	2019	6	29	177.63
00000007	2019	6	30	177.65
00000007	2019	7	1	177.67
00000007	2019	7	2	177.7
00000007	2019	7	3	177.69
00000007	2019	7	4	177.68
00000007	2019	7	5	177.71
00000007	2019	7	6	177.73
00000007	2019	7	7	177.76
00000007	2019	7	8	177.78
00000007	2019	7	9	177.81
00000007	2019	7	10	177.83
00000007	2019	7	11	177.84
00000007	2019	7	12	177.84
00000007	2019	7	13	177.84
00000007	2019	7	14	177.87
00000007	2019	7	15	177.89
00000007	2019	7	16	177.91
00000007	2019	7	17	177.94
00000007	2019	7	18	177.96
00000007	2019	7	19	177.97
00000007	2019	7	20	177.97
00000007	2019	7	21	178
00000007	2019	7	22	178.01
00000007	2019	7	23	178.02
00000007	2019	7	24	178.03
00000007	2019	7	25	178.06
00000007	2019	7	26	178.11
00000007	2019	7	27	178.14
00000007	2019	7	28	178.16
00000007	2019	7	29	178.17
00000007	2019	7	30	178.2
00000007	2019	7	31	178.22
00000007	2019	8	1	178.21
00000007	2019	8	2	178.12
00000007	2019	8	3	178.13
00000007	2019	8	4	178.13
00000007	2019	8	5	178.15
00000007	2019	8	6	178.16
00000007	2019	8	7	178.19
00000007	2019	8	8	178.21
00000007	2019	8	9	178.23
00000007	2019	8	10	178.25
00000007	2019	8	11	178.27
00000007	2019	8	12	178.28
00000007	2019	8	13	178.3
00000007	2019	8	14	178.31
00000007	2019	8	15	178.31
00000007	2019	8	16	178.34
00000007	2019	8	17	178.36
00000007	2019	8	18	178.38
00000007	2019	8	19	178.39
00000007	2019	8	20	178.39
00000007	2019	8	21	178.38
00000007	2019	8	22	178.38
00000007	2019	8	23	178.41
00000007	2019	8	24	178.42
00000007	2019	8	25	178.38
00000007	2019	8	26	178.38
00000007	2019	8	27	178.35
00000007	2019	8	28	178.33
00000007	2019	8	29	178.36
00000007	2019	8	30	178.39
00000007	2019	8	31	178.41
00000007	2019	9	1	178.42
00000007	2019	9	2	178.44
00000007	2019	9	3	178.46
00000007	2019	9	4	178.41
00000007	2019	9	5	178.44
00000007	2019	9	6	178.46
00000007	2019	9	7	178.49
00000007	2019	9	8	178.51
00000007	2019	9	9	178.55
00000007	2019	9	10	178.58
00000007	2019	9	11	178.6
00000007	2019	9	12	178.61
00000007	2019	9	13	178.63
00000007	2019	9	14	178.65
00000007	2019	9	15	178.66
00000007	2019	9	16	178.68
00000007	2019	9	17	178.69
00000007	2019	9	18	178.71
00000007	2019	9	19	178.75
00000007	2019	9	20	178.78
00000007	2019	9	21	178.8
00000007	2019	9	22	178.81
00000007	2019	9	23	178.82
00000007	2019	9	24	178.81
00000007	2019	9	25	178.83
00000007	2019	9	26	178.85
00000007	2019	9	27	178.87
00000007	2019	9	28	178.91
00000007	2019	9	29	178.93
00000007	2019	9	30	178.95
00000007	2019	10	1	178.96
00000007	2019	10	2	178.98
00000007	2019	10	3	179
00000007	2019	10	4	179.01
00000007	2019	10	5	179.03
00000007	2019	10	6	179.06
00000007	2019	10	7	179.07
00000007	2019	10	8	179.08
00000007	2019	10	9	179.1
00000007	2019	10	10	179.13
00000007	2019	10	11	179.14
00000007	2019	10	12	179.15
00000007	2019	10	13	179.17
00000007	2019	10	14	179.19
00000007	2019	10	15	179.12
00000007	2019	10	16	179.06
00000007	2019	10	17	179.08
00000007	2019	10	18	179.09
00000007	2019	10	19	179.03
00000007	2019	10	20	179.04
00000007	2019	10	21	179.06
00000007	2019	10	22	179.08
00000007	2019	10	23	179.11
00000007	2019	10	24	179.13
00000007	2019	10	25	179.13
00000007	2019	10	26	179.12
00000007	2019	10	27	179.15
00000007	2019	10	28	179.17
00000007	2019	10	29	179.17
00000007	2019	10	30	179.13
00000007	2019	10	31	179.11
00000007	2019	11	1	179.14
00000007	2019	11	2	179.15
00000007	2019	11	3	179.16
00000007	2019	11	4	179.17
00000007	2019	11	5	179.18
00000007	2019	11	6	179.2
00000007	2019	11	7	179.2
00000007	2019	11	8	179.19
00000007	2019	11	9	179.21
00000007	2019	11	10	179.22
00000007	2019	11	11	179.22
00000007	2019	11	12	179.21
00000007	2019	11	13	179.24
00000007	2019	11	14	179.23
00000007	2019	11	15	179.18
00000007	2019	11	16	179.16
00000007	2019	11	17	179.16
00000007	2019	11	18	179.15
00000007	2019	11	19	179.16
00000007	2019	11	20	179.19
00000007	2019	11	21	179.21
00000007	2019	11	22	179.19
00000007	2019	11	23	179.16
00000007	2019	11	24	179.16
00000007	2019	11	25	179.16
00000007	2019	11	26	179.17
00000007	2019	11	27	179.18
00000007	2019	11	28	179.18
00000007	2019	11	29	179.18
00000007	2019	11	30	179.15
00000007	2019	12	1	179.12
00000007	2019	12	2	179.15
00000007	2019	12	3	179.14
00000007	2019	12	4	179.14
00000007	2019	12	5	179.17
00000007	2019	12	6	179.17
00000007	2019	12	7	179.17
00000007	2019	12	8	179.18
00000007	2019	12	9	179.16
00000007	2019	12	10	179.16
00000007	2019	12	11	179.18
00000007	2019	12	12	179.16
00000007	2019	12	13	179.03
00000007	2019	12	14	178.96
00000007	2019	12	15	178.99
00000007	2019	12	16	178.97
00000007	2019	12	17	178.86
00000007	2019	12	18	178.87
00000007	2019	12	19	178.86
00000007	2019	12	20	178.8
00000007	2019	12	21	178.79
00000007	2019	12	22	178.62
00000007	2019	12	23	178.54
00000007	2019	12	24	178.54
00000007	2019	12	25	178.54
00000007	2019	12	26	178.53
00000007	2019	12	27	178.51
00000007	2019	12	28	178.48
00000007	2019	12	29	178.44
00000007	2019	12	30	178.42
00000007	2019	12	31	178.42
00000007	2020	1	1	178.41
00000007	2020	1	2	178.35
00000007	2020	1	3	178.27
00000007	2020	1	4	178.22
00000007	2020	1	5	178.24
00000007	2020	1	6	178.21
00000007	2020	1	7	178.2
00000007	2020	1	8	178.22
00000007	2020	1	9	178.21
00000007	2020	1	10	178.18
00000007	2020	1	11	178.12
00000007	2020	1	12	178.05
00000007	2020	1	13	178.04
00000007	2020	1	14	178
00000007	2020	1	15	177.94
00000007	2020	1	16	177.95
00000007	2020	1	17	177.96
00000007	2020	1	18	177.92
00000007	2020	1	19	177.89
00000007	2020	1	20	177.9
00000007	2020	1	21	177.88
00000007	2020	1	22	177.85
00000007	2020	1	23	177.81
00000007	2020	1	24	177.76
00000007	2020	1	25	177.76
00000007	2020	1	26	177.74
00000007	2020	1	27	177.71
00000007	2020	1	28	177.69
00000007	2020	1	29	177.65
00000007	2020	1	30	177.63
00000007	2020	1	31	177.62
00000007	2020	2	1	177.6
00000007	2020	2	2	177.6
00000007	2020	2	3	177.6
00000007	2020	2	4	177.59
00000007	2020	2	5	177.53
00000007	2020	2	6	177.35
00000007	2020	2	7	177.37
00000007	2020	2	8	177.41
00000007	2020	2	9	177.41
00000007	2020	2	10	177.38
00000007	2020	2	11	177.37
00000007	2020	2	12	177.35
00000007	2020	2	13	177.33
00000007	2020	2	14	177.36
00000007	2020	2	15	177.35
00000007	2020	2	16	177.28
00000007	2020	2	17	177.24
00000007	2020	2	18	177.24
00000007	2020	2	19	177.24
00000007	2020	2	20	177.18
00000007	2020	2	21	177.16
00000007	2020	2	22	177.16
00000007	2020	2	23	177.13
00000007	2020	2	24	177.07
00000007	2020	2	25	177.02
00000007	2020	2	26	177.02
00000007	2020	2	27	177.04
00000007	2020	2	28	177.03
00000007	2020	2	29	177.03
00000007	2020	3	1	177.01
00000007	2020	3	2	176.98
00000007	2020	3	3	176.95
00000007	2020	3	4	176.85
00000007	2020	3	5	176.74
00000007	2020	3	6	176.77
00000007	2020	3	7	176.78
00000007	2020	3	8	176.78
00000007	2020	3	9	176.77
00000007	2020	3	10	176.75
00000007	2020	3	11	176.7
00000007	2020	3	12	176.67
00000007	2020	3	13	176.67
00000007	2020	3	14	176.67
00000007	2020	3	15	176.66
00000007	2020	3	16	176.64
00000007	2020	3	17	176.63
00000007	2020	3	18	176.63
00000007	2020	3	19	176.62
00000007	2020	3	20	176.62
00000007	2020	3	21	176.61
00000007	2020	3	22	176.6
00000007	2020	3	23	176.58
00000007	2020	3	24	176.56
00000007	2020	3	25	176.55
00000007	2020	3	26	176.55
00000007	2020	3	27	176.55
00000007	2020	3	28	176.56
00000007	2020	3	29	176.57
00000007	2020	3	30	176.57
00000007	2020	3	31	176.51
00000007	2020	4	1	176.53
00000007	2020	4	2	176.55
00000007	2020	4	3	176.55
00000007	2020	4	4	176.55
00000007	2020	4	5	176.56
00000007	2020	4	6	176.57
00000007	2020	4	7	176.57
00000007	2020	4	8	176.55
00000007	2020	4	9	176.55
00000007	2020	4	10	176.58
00000007	2020	4	11	176.6
00000007	2020	4	12	176.58
00000007	2020	4	13	176.56
00000007	2020	4	14	176.58
00000007	2020	4	15	176.59
00000007	2020	4	16	176.63
00000007	2020	4	17	176.64
00000007	2020	4	18	176.64
00000007	2020	4	19	176.63
00000007	2020	4	20	176.56
00000007	2020	4	21	176.61
00000007	2020	4	22	176.63
00000007	2020	4	23	176.56
00000007	2020	4	24	176.55
00000007	2020	4	25	176.58
00000007	2020	4	26	176.62
00000007	2020	4	27	176.65
00000007	2020	4	28	176.67
00000007	2020	4	29	176.64
00000007	2020	4	30	176.64
00000007	2020	5	1	176.68
00000007	2020	5	2	176.71
00000007	2020	5	3	176.72
00000007	2020	5	4	176.74
00000007	2020	5	5	176.75
00000007	2020	5	6	176.79
00000007	2020	5	7	176.83
00000007	2020	5	8	176.83
00000007	2020	5	9	176.88
00000007	2020	5	10	176.9
00000007	2020	5	11	176.93
00000007	2020	5	12	176.96
00000007	2020	5	13	176.99
00000007	2020	5	14	177.01
00000007	2020	5	15	177.02
00000007	2020	5	16	177.03
00000007	2020	5	17	177.04
00000007	2020	5	18	176.97
00000007	2020	5	19	176.95
00000007	2020	5	20	176.96
00000007	2020	5	21	176.99
00000007	2020	5	22	177.02
00000007	2020	5	23	177.01
00000007	2020	5	24	177.02
00000007	2020	5	25	177.04
00000007	2020	5	26	177.04
00000007	2020	5	27	177.06
00000007	2020	5	28	177.08
00000007	2020	5	29	177.11
00000007	2020	5	30	177.12
00000007	2020	5	31	177.15
00000007	2020	6	1	177.18
00000007	2020	6	2	177.2
00000007	2020	6	3	177.21
00000007	2020	6	4	177.22
00000007	2020	6	5	177.25
00000007	2020	6	6	177.26
00000007	2020	6	7	177.24
00000007	2020	6	8	177.24
00000007	2020	6	9	177.22
00000007	2020	6	10	177.16
00000007	2020	6	11	177.19
00000007	2020	6	12	177.22
00000007	2020	6	13	177.23
00000007	2020	6	14	177.28
00000007	2020	6	15	177.3
00000007	2020	6	16	177.32
00000007	2020	6	17	177.34
00000007	2020	6	18	177.36
00000007	2020	6	19	177.39
00000007	2020	6	20	177.41
00000007	2020	6	21	177.43
00000007	2020	6	22	177.46
00000007	2020	6	23	177.46
00000007	2020	6	24	177.43
00000007	2020	6	25	177.41
00000007	2020	6	26	177.43
00000007	2020	6	27	177.43
00000007	2020	6	28	177.45
00000007	2020	6	29	177.45
00000007	2020	6	30	177.4
00000007	2020	7	1	177.39
00000007	2020	7	2	177.39
00000007	2020	7	3	177.41
00000007	2020	7	4	177.43
00000007	2020	7	5	177.42
00000007	2020	7	6	177.41
00000007	2020	7	7	177.42
00000007	2020	7	8	177.43
00000007	2020	7	9	177.44
00000007	2020	7	10	177.47
00000007	2020	7	11	177.48
00000007	2020	7	12	177.49
00000007	2020	7	13	177.49
00000007	2020	7	14	177.52
00000007	2020	7	15	177.53
00000007	2020	7	16	177.55
00000007	2020	7	17	177.57
00000007	2020	7	18	177.6
00000007	2020	7	19	177.62
00000007	2020	7	20	177.66
00000007	2020	7	21	177.68
00000007	2020	7	22	177.71
00000007	2020	7	23	177.73
00000007	2020	7	24	177.76
00000007	2020	7	25	177.78
00000007	2020	7	26	177.78
00000007	2020	7	27	177.77
00000007	2020	7	28	177.78
00000007	2020	7	29	177.76
00000007	2020	7	30	177.78
00000007	2020	7	31	177.8
00000007	2020	8	1	177.82
00000007	2020	8	2	177.85
00000007	2020	8	3	177.87
00000007	2020	8	4	177.89
00000007	2020	8	5	177.92
00000007	2020	8	6	177.95
00000007	2020	8	7	177.98
00000007	2020	8	8	178
00000007	2020	8	9	177.95
00000007	2020	8	10	177.84
00000007	2020	8	11	177.84
00000007	2020	8	12	177.85
00000007	2020	8	13	177.83
00000007	2020	8	14	177.82
00000007	2020	8	15	177.83
00000007	2020	8	16	177.86
00000007	2020	8	17	177.88
00000007	2020	8	18	177.89
00000007	2020	8	19	177.9
00000007	2020	8	20	177.91
00000007	2020	8	21	177.91
00000007	2020	8	22	177.93
00000007	2020	8	23	177.95
00000007	2020	8	24	177.93
00000007	2020	8	25	177.87
00000007	2020	8	26	177.88
00000007	2020	8	27	177.89
00000007	2020	8	28	177.89
00000007	2020	8	29	177.87
00000007	2020	8	30	177.85
00000007	2020	8	31	177.87
00000007	2020	9	1	177.89
00000007	2020	9	2	177.91
00000007	2020	9	3	177.92
00000007	2020	9	4	177.95
00000007	2020	9	5	177.99
00000007	2020	9	6	177.99
00000007	2020	9	7	177.99
00000007	2020	9	8	178.02
00000007	2020	9	9	178.04
00000007	2020	9	10	178.03
00000007	2020	9	11	177.94
00000007	2020	9	12	177.95
00000007	2020	9	13	177.95
00000007	2020	9	14	177.95
00000007	2020	9	15	177.93
00000007	2020	9	16	177.67
00000007	2020	9	17	177.52
00000007	2020	9	18	177.55
00000007	2020	9	19	177.56
00000007	2020	9	20	177.56
00000007	2020	9	21	177.56
00000007	2020	9	22	177.55
00000007	2020	9	23	177.53
00000007	2020	9	24	177.49
00000007	2020	9	25	177.47
00000007	2020	9	26	177.46
00000007	2020	9	27	177.42
00000007	2020	9	28	177.37
00000007	2020	9	29	177.32
00000007	2020	9	30	177.32
00000007	2020	10	1	177.3
00000007	2020	10	2	177.31
00000007	2020	10	3	177.31
00000007	2020	10	4	177.3
00000007	2020	10	5	177.3
00000007	2020	10	6	177.29
00000007	2020	10	7	177.28
00000007	2020	10	8	177.29
00000007	2020	10	9	177.27
00000007	2020	10	10	177.24
00000007	2020	10	11	177.21
00000007	2020	10	12	177.23
00000007	2020	10	13	177.23
00000007	2020	10	14	177.23
00000007	2020	10	15	177.23
00000007	2020	10	16	177.24
00000007	2020	10	17	177.26
00000007	2020	10	18	177.27
00000007	2020	10	19	177.27
00000007	2020	10	20	177.27
00000007	2020	10	21	177.28
00000007	2020	10	22	177.28
00000007	2020	10	23	177.28
00000007	2020	10	24	177.25
00000007	2020	10	25	177.23
00000007	2020	10	26	177.24
00000007	2020	10	27	177.24
00000007	2020	10	28	177.19
00000007	2020	10	29	177.12
00000007	2020	10	30	177.16
00000007	2020	10	31	177.18
00000007	2020	11	1	177.19
00000007	2020	11	2	177.22
00000007	2020	11	3	177.23
00000007	2020	11	4	177.25
00000007	2020	11	5	177.25
00000007	2020	11	6	177.25
00000007	2020	11	7	177.25
00000007	2020	11	8	177.26
00000007	2020	11	9	177.26
00000007	2020	11	10	177.24
00000007	2020	11	11	177.23
00000007	2020	11	12	177.24
00000007	2020	11	13	177.27
00000007	2020	11	14	177.27
00000007	2020	11	15	177.27
00000007	2020	11	16	177.3
00000007	2020	11	17	177.32
00000007	2020	11	18	177.36
00000007	2020	11	19	177.36
00000007	2020	11	20	177.37
00000007	2020	11	21	177.37
00000007	2020	11	22	177.36
00000007	2020	11	23	177.38
00000007	2020	11	24	177.39
00000007	2020	11	25	177.38
00000007	2020	11	26	177.33
00000007	2020	11	27	177.28
00000007	2020	11	28	177.23
00000007	2020	11	29	177.2
00000007	2020	11	30	177.19
00000007	2020	12	1	177.23
00000007	2020	12	2	177.26
00000007	2020	12	3	177.26
00000007	2020	12	4	177.24
00000007	2020	12	5	177.26
00000007	2020	12	6	177.25
00000007	2020	12	7	177.24
00000007	2020	12	8	177.27
00000007	2020	12	9	177.29
00000007	2020	12	10	177.3
00000007	2020	12	11	177.3
00000007	2020	12	12	177.3
00000007	2020	12	13	177.3
00000007	2020	12	14	177.29
00000007	2020	12	15	177.3
00000007	2020	12	16	177.28
00000007	2020	12	17	177.32
00000007	2020	12	18	177.35
00000007	2020	12	19	177.34
00000007	2020	12	20	177.3
00000007	2020	12	21	177.33
00000007	2020	12	22	177.35
00000007	2020	12	23	177.35
00000007	2020	12	24	177.23
00000007	2020	12	25	177.24
00000007	2020	12	26	177.25
00000007	2020	12	27	177.25
00000007	2020	12	28	177.27
00000007	2020	12	29	177.28
00000007	2020	12	30	177.27
00000007	2020	12	31	177.26
00000007	2021	1	1	177.12
00000007	2021	1	2	177.07
00000007	2021	1	3	177.08
00000007	2021	1	4	177.08
00000007	2021	1	5	177.08
00000007	2021	1	6	177.09
00000007	2021	1	7	177.04
00000007	2021	1	8	177.03
00000007	2021	1	9	177.05
00000007	2021	1	10	177.05
00000007	2021	1	11	177.03
00000007	2021	1	12	177.03
00000007	2021	1	13	177.01
00000007	2021	1	14	176.99
00000007	2021	1	15	176.96
00000007	2021	1	16	176.98
00000007	2021	1	17	176.98
00000007	2021	1	18	176.99
00000007	2021	1	19	177.01
00000007	2021	1	20	177.01
00000007	2021	1	21	176.97
00000007	2021	1	22	176.92
00000007	2021	1	23	176.93
00000007	2021	1	24	176.93
00000007	2021	1	25	176.91
00000007	2021	1	26	176.89
00000007	2021	1	27	176.85
00000007	2021	1	28	176.89
00000007	2021	1	29	176.88
00000007	2021	1	30	176.86
00000007	2021	1	31	176.79
00000007	2021	2	1	176.79
00000007	2021	2	2	176.79
00000007	2021	2	3	176.8
00000007	2021	2	4	176.79
00000007	2021	2	5	176.77
00000007	2021	2	6	176.75
00000007	2021	2	7	176.74
00000007	2021	2	8	176.76
00000007	2021	2	9	176.71
00000007	2021	2	10	176.7
00000007	2021	2	11	176.68
00000007	2021	2	12	176.65
00000007	2021	2	13	176.59
00000007	2021	2	14	176.59
00000007	2021	2	15	176.56
00000007	2021	2	16	176.58
00000007	2021	2	17	176.57
00000007	2021	2	18	176.53
00000007	2021	2	19	176.55
00000007	2021	2	20	176.57
00000007	2021	2	21	176.56
00000007	2021	2	22	176.53
00000007	2021	2	23	176.53
00000007	2021	2	24	176.53
00000007	2021	2	25	176.53
00000007	2021	2	26	176.52
00000007	2021	2	27	176.52
00000007	2021	2	28	176.5
00000007	2021	3	1	176.49
00000007	2021	3	2	176.42
00000007	2021	3	3	176.35
00000007	2021	3	4	176.35
00000007	2021	3	5	176.35
00000007	2021	3	6	176.35
00000007	2021	3	7	176.38
00000007	2021	3	8	176.41
00000007	2021	3	9	176.4
00000007	2021	3	10	176.39
00000007	2021	3	11	176.39
00000007	2021	3	12	176.39
00000007	2021	3	13	176.38
00000007	2021	3	14	176.36
00000007	2021	3	15	176.35
00000007	2021	3	16	176.34
00000007	2021	3	17	176.32
00000007	2021	3	18	176.28
00000007	2021	3	19	176.32
00000007	2021	3	20	176.34
00000007	2021	3	21	176.33
00000007	2021	3	22	176.31
00000007	2021	3	23	176.29
00000007	2021	3	24	176.19
00000007	2021	3	25	176.19
00000007	2021	3	26	176.2
00000007	2021	3	27	176.21
00000007	2021	3	28	176.19
00000007	2021	3	29	176.21
00000007	2021	3	30	176.2
00000007	2021	3	31	176.15
00000007	2021	4	1	176.14
00000007	2021	4	2	176.17
00000007	2021	4	3	176.18
00000007	2021	4	4	176.18
00000007	2021	4	5	176.18
00000007	2021	4	6	176.19
00000007	2021	4	7	176.19
00000007	2021	4	8	176.18
00000007	2021	4	9	176.16
00000007	2021	4	10	176.02
00000007	2021	4	11	176
00000007	2021	4	12	176.03
00000007	2021	4	13	176.06
00000007	2021	4	14	176.06
00000007	2021	4	15	176.03
00000007	2021	4	16	176.01
00000007	2021	4	17	176.01
00000007	2021	4	18	176.02
00000007	2021	4	19	176.03
00000007	2021	4	20	176.04
00000007	2021	4	21	176.07
00000007	2021	4	22	176.09
00000007	2021	4	23	176.08
00000007	2021	4	24	175.97
00000007	2021	4	25	175.93
00000007	2021	4	26	175.96
00000007	2021	4	27	175.97
00000007	2021	4	28	175.98
00000007	2021	4	29	175.98
00000007	2021	4	30	175.99
00000007	2021	5	1	176
00000007	2021	5	2	175.99
00000007	2021	5	3	175.98
00000007	2021	5	4	175.91
00000007	2021	5	5	175.86
00000007	2021	5	6	175.88
00000007	2021	5	7	175.9
00000007	2021	5	8	175.92
00000007	2021	5	9	175.93
00000007	2021	5	10	175.9
00000007	2021	5	11	175.89
00000007	2021	5	12	175.88
00000007	2021	5	13	175.88
00000007	2021	5	14	175.9
00000007	2021	5	15	175.92
00000007	2021	5	16	175.93
00000007	2021	5	17	175.94
00000007	2021	5	18	175.96
00000007	2021	5	19	175.99
00000007	2021	5	20	176.01
00000007	2021	5	21	176.04
00000007	2021	5	22	176.06
00000007	2021	5	23	176.06
00000007	2021	5	24	176.07
00000007	2021	5	25	176.1
00000007	2021	5	26	176.11
00000007	2021	5	27	176.12
00000007	2021	5	28	176.1
00000007	2021	5	29	176.03
00000007	2021	5	30	176.07
00000007	2021	5	31	176.1
00000007	2021	6	1	176.11
00000007	2021	6	2	176.12
00000007	2021	6	3	176.13
00000007	2021	6	4	176.15
00000007	2021	6	5	176.17
00000007	2021	6	6	176.19
00000007	2021	6	7	176.14
00000007	2021	6	8	176.15
00000007	2021	6	9	176.15
00000007	2021	6	10	176.12
00000007	2021	6	11	176.06
00000007	2021	6	12	176.04
00000007	2021	6	13	176.06
00000007	2021	6	14	176.09
00000007	2021	6	15	176.12
00000007	2021	6	16	176.14
00000007	2021	6	17	176.18
00000007	2021	6	18	176.21
00000007	2021	6	19	176.2
00000007	2021	6	20	176.13
00000007	2021	6	21	176.16
00000007	2021	6	22	176.12
00000007	2021	6	23	176.15
00000007	2021	6	24	176.18
00000007	2021	6	25	176.21
00000007	2021	6	26	176.23
00000007	2021	6	27	176.25
00000007	2021	6	28	176.28
00000007	2021	6	29	176.31
00000007	2021	6	30	176.31
00000007	2021	7	1	176.31
00000007	2021	7	2	176.26
00000007	2021	7	3	176.22
00000007	2021	7	4	176.24
00000007	2021	7	5	176.26
00000007	2021	7	6	176.25
00000007	2021	7	7	176.22
00000007	2021	7	8	176.2
00000007	2021	7	9	176.19
00000007	2021	7	10	176.18
00000007	2021	7	11	176.19
00000007	2021	7	12	176.21
00000007	2021	7	13	176.21
00000007	2021	7	14	176.22
00000007	2021	7	15	176.23
00000007	2021	7	16	176.24
00000007	2021	7	17	176.26
00000007	2021	7	18	176.28
00000007	2021	7	19	176.27
00000007	2021	7	20	176.24
00000007	2021	7	21	176.26
00000007	2021	7	22	176.26
00000007	2021	7	23	176.2
00000007	2021	7	24	176.21
00000007	2021	7	25	176.22
00000007	2021	7	26	176.23
00000007	2021	7	27	176.24
00000007	2021	7	28	176.23
00000007	2021	7	29	176.24
00000007	2021	7	30	176.26
00000007	2021	7	31	176.25
00000007	2021	8	1	176.23
00000007	2021	8	2	176.19
00000007	2021	8	3	176.17
00000007	2021	8	4	176.19
00000007	2021	8	5	176.21
00000007	2021	8	6	176.23
00000007	2021	8	7	176.24
00000007	2021	8	8	176.26
00000007	2021	8	9	176.29
00000007	2021	8	10	176.31
00000007	2021	8	11	176.32
00000007	2021	8	12	176.32
00000007	2021	8	13	176.3
00000007	2021	8	14	176.31
00000007	2021	8	15	176.31
00000007	2021	8	16	176.24
00000007	2021	8	17	176.13
00000007	2021	8	18	176.17
00000007	2021	8	19	176.18
00000007	2021	8	20	176.17
00000007	2021	8	21	176.17
00000007	2021	8	22	176.17
00000007	2021	8	23	176.17
00000007	2021	8	24	176.19
00000007	2021	8	25	176.21
00000007	2021	8	26	176.23
00000007	2021	8	27	176.25
00000007	2021	8	28	176.23
00000007	2021	8	29	176.15
00000007	2021	8	30	176.13
00000007	2021	8	31	176.05
00000007	2021	9	1	176.05
00000007	2021	9	2	176.06
00000007	2021	9	3	176.09
00000007	2021	9	4	176.1
00000007	2021	9	5	176.1
00000007	2021	9	6	176.11
00000007	2021	9	7	176.13
00000007	2021	9	8	176.13
00000007	2021	9	9	176.1
00000007	2021	9	10	176.13
00000007	2021	9	11	176.16
00000007	2021	9	12	176.18
00000007	2021	9	13	176.19
00000007	2021	9	14	176.19
00000007	2021	9	15	176.18
00000007	2021	9	16	176.17
00000007	2021	9	17	176.19
00000007	2021	9	18	176.16
00000007	2021	9	19	176.11
00000007	2021	9	20	176.1
00000007	2021	9	21	176.11
00000007	2021	9	22	176.12
00000007	2021	9	23	176.14
00000007	2021	9	24	176.17
00000007	2021	9	25	176.19
00000007	2021	9	26	176.21
00000007	2021	9	27	176.22
00000007	2021	9	28	176.24
