00000016	1936	8	21	42
00000016	1952	8	15	26.5
00000016	1968	6	21	82.28
00000016	1968	10	25	91.83
00000016	1969	5	1	54.8
00000016	1969	10	21	84.3
00000016	1970	3	19	66.9
00000016	1983	10	9	63.96
00000016	1984	5	3	49.61
00000016	1984	10	2	65.25
00000016	1985	4	22	63.75
00000016	1985	10	21	69.36
00000016	1986	4	7	55.75
00000016	1986	4	22	72.4
00000016	1986	10	20	76.35
00000016	1987	10	5	79.97
00000016	1988	3	30	60.63
00000016	1988	10	18	61.4
00000016	1989	4	3	42.7
00000016	1989	10	23	50.02
00000016	1990	3	26	43.72
00000016	1990	10	1	71.98
00000016	1991	4	1	52.92
00000016	1991	10	15	67.69
00000016	1992	3	31	65.27
00000016	1992	10	5	78.16
00000016	1993	4	13	44.24
00000016	1993	10	6	72.9
00000016	1993	10	19	58.93
00000016	1995	10	20	56.92
00000016	1996	10	1	55.96
00000016	1997	10	17	55.87
00000016	1998	10	8	71.65
00000016	1999	10	12	89.01
00000016	2000	10	13	106.55
00000016	2001	10	10	71.52
00000016	2002	10	11	85.13
00000016	2003	10	22	94.86
00000016	2006	10	12	95.74
00000016	2014	7	18	65.84
00000016	2014	7	19	0
00000016	2014	7	20	0
00000016	2014	7	21	0
00000016	2014	7	22	65.87
00000016	2014	7	23	65.89
00000016	2014	7	24	65.92
00000016	2014	7	25	65.97
00000016	2014	7	26	66.05
00000016	2014	7	27	66.09
00000016	2014	7	28	66.18
00000016	2014	7	29	66.31
00000016	2014	7	30	66.43
00000016	2014	7	31	66.57
00000016	2014	8	1	66.73
00000016	2014	8	2	66.89
00000016	2014	8	3	67.06
00000016	2014	8	4	67.24
00000016	2014	8	5	67.56
00000016	2014	8	6	68.27
00000016	2014	8	7	68.65
00000016	2014	8	8	68.86
00000016	2014	8	9	68.75
00000016	2014	8	10	68.41
00000016	2014	8	11	68.21
00000016	2014	8	12	68.06
00000016	2014	8	13	67.97
00000016	2014	8	14	67.89
00000016	2014	8	15	67.85
00000016	2014	8	16	67.87
00000016	2014	8	17	67.89
00000016	2014	8	18	67.96
00000016	2014	8	19	67.95
00000016	2014	8	20	67.88
00000016	2014	8	21	67.83
00000016	2014	8	22	67.8
00000016	2014	8	23	67.83
00000016	2014	8	24	67.89
00000016	2014	8	25	67.87
00000016	2014	8	26	67.86
00000016	2014	8	27	67.89
00000016	2014	8	28	67.97
00000016	2014	8	29	68.12
00000016	2014	8	30	68.29
00000016	2014	8	31	68.25
00000016	2014	9	1	68.23
00000016	2014	9	2	68.21
00000016	2014	9	3	68.2
00000016	2014	9	4	68.14
00000016	2014	9	5	68.07
00000016	2014	9	6	68
00000016	2014	9	7	67.9
00000016	2014	9	8	67.81
00000016	2014	9	9	67.81
00000016	2014	9	10	67.8
00000016	2014	9	11	67.78
00000016	2014	9	12	67.53
00000016	2014	9	13	67.11
00000016	2014	9	14	67.02
00000016	2014	9	15	66.89
00000016	2014	9	16	66.53
00000016	2014	9	17	66.45
00000016	2014	9	18	66.44
00000016	2014	9	19	66.47
00000016	2014	9	20	66.52
00000016	2014	9	21	66.53
00000016	2014	9	22	66.55
00000016	2014	9	23	66.6
00000016	2014	9	24	66.64
00000016	2014	9	25	66.63
00000016	2014	9	26	66.65
00000016	2014	9	27	66.68
00000016	2014	9	28	66.69
00000016	2014	9	29	66.68
00000016	2014	9	30	66.72
00000016	2014	10	1	66.77
00000016	2014	10	2	66.81
00000016	2014	10	3	66.7
00000016	2014	10	4	66.66
00000016	2014	10	5	66.66
00000016	2014	10	6	66.69
00000016	2014	10	7	66.73
00000016	2014	10	8	66.75
00000016	2014	10	9	66.77
00000016	2014	10	10	66.78
00000016	2014	10	11	66.63
00000016	2014	10	12	66.54
00000016	2014	10	13	66.4
00000016	2014	10	14	65.51
00000016	2014	10	15	65.4
00000016	2014	10	16	65.4
00000016	2014	10	17	65.45
00000016	2014	10	18	65.54
00000016	2014	10	19	65.63
00000016	2014	10	20	65.65
00000016	2014	10	21	65.72
00000016	2014	10	22	65.81
00000016	2014	10	23	65.84
00000016	2014	10	24	65.86
00000016	2014	10	25	65.93
00000016	2014	10	26	65.99
00000016	2014	10	27	66.05
00000016	2014	10	28	66.14
00000016	2014	10	29	66.13
00000016	2014	10	30	66.13
00000016	2014	10	31	66.17
00000016	2014	11	1	66.27
00000016	2014	11	2	66.32
00000016	2014	11	3	66.35
00000016	2014	11	4	66.38
00000016	2014	11	5	66.4
00000016	2014	11	6	66.4
00000016	2014	11	7	66.46
00000016	2014	11	8	66.48
00000016	2014	11	9	66.52
00000016	2014	11	10	66.55
00000016	2014	11	11	66.6
00000016	2014	11	12	66.67
00000016	2014	11	13	66.71
00000016	2014	11	14	66.75
00000016	2014	11	15	66.75
00000016	2014	11	16	66.66
00000016	2014	11	17	65.49
00000016	2014	11	18	65.53
00000016	2014	11	19	65.5
00000016	2014	11	20	65.55
00000016	2014	11	21	65.67
00000016	2014	11	22	65.72
00000016	2014	11	23	65.46
00000016	2014	11	24	65.28
00000016	2014	11	25	65.32
00000016	2014	11	26	65.31
00000016	2014	11	27	65.44
00000016	2014	11	28	65.47
00000016	2014	11	29	65.51
00000016	2014	11	30	65.62
00000016	2014	12	1	65.7
00000016	2014	12	2	65.74
00000016	2014	12	3	65.81
00000016	2014	12	4	65.84
00000016	2014	12	5	65.89
00000016	2014	12	6	65.23
00000016	2014	12	7	64.87
00000016	2014	12	8	64.79
00000016	2014	12	9	64.79
00000016	2014	12	10	64.22
00000016	2014	12	11	61.21
00000016	2014	12	12	58.91
00000016	2014	12	13	57.06
00000016	2014	12	14	55.61
00000016	2014	12	15	54.46
00000016	2014	12	16	53.57
00000016	2014	12	17	52.95
00000016	2014	12	18	52.45
00000016	2014	12	19	52.06
00000016	2014	12	20	51.76
00000016	2014	12	21	51.48
00000016	2014	12	22	51.21
00000016	2014	12	23	50.78
00000016	2014	12	24	48.87
00000016	2014	12	25	48.11
00000016	2014	12	26	48.16
00000016	2014	12	27	47.92
00000016	2014	12	28	46.31
00000016	2014	12	29	45.56
00000016	2014	12	30	45.78
00000016	2014	12	31	45.92
00000016	2015	1	1	45.83
00000016	2015	1	2	45.48
00000016	2015	1	3	44.95
00000016	2015	1	4	43.43
00000016	2015	1	5	43.21
00000016	2015	1	6	43.28
00000016	2015	1	7	43.67
00000016	2015	1	8	43.94
00000016	2015	1	9	44.14
00000016	2015	1	10	44.47
00000016	2015	1	11	44.65
00000016	2015	1	12	44.81
00000016	2015	1	13	45.14
00000016	2015	1	14	45.36
00000016	2015	1	15	45.58
00000016	2015	1	16	45.89
00000016	2015	1	17	46.11
00000016	2015	1	18	46.38
00000016	2015	1	19	46.59
00000016	2015	1	20	46.85
00000016	2015	1	21	47.21
00000016	2015	1	22	47.48
00000016	2015	1	23	46.9
00000016	2015	1	24	48.73
00000016	2015	1	25	50.22
00000016	2015	1	26	51.49
00000016	2015	1	27	52.56
00000016	2015	1	28	53.21
00000016	2015	1	29	51.22
00000016	2015	1	30	50.16
00000016	2015	1	31	49.47
00000016	2015	2	1	48.88
00000016	2015	2	2	48.67
00000016	2015	2	3	48.56
00000016	2015	2	4	48.36
00000016	2015	2	5	48.36
00000016	2015	2	6	48.33
00000016	2015	2	7	48.24
00000016	2015	2	8	48.2
00000016	2015	2	9	48.24
00000016	2015	2	10	48.4
00000016	2015	2	11	48.45
00000016	2015	2	12	48.59
00000016	2015	2	13	48.62
00000016	2015	2	14	48.57
00000016	2015	2	15	48.75
00000016	2015	2	16	48.33
00000016	2015	2	17	47.46
00000016	2015	2	18	47.35
00000016	2015	2	19	47.44
00000016	2015	2	20	47.43
00000016	2015	2	21	47.35
00000016	2015	2	22	46.78
00000016	2015	2	23	46.37
00000016	2015	2	24	46
00000016	2015	2	25	45.67
00000016	2015	2	26	45.19
00000016	2015	2	27	45.32
00000016	2015	2	28	45.24
00000016	2015	3	1	45.22
00000016	2015	3	2	45.12
00000016	2015	3	3	44.81
00000016	2015	3	4	44.6
00000016	2015	3	5	44.23
00000016	2015	3	6	43.94
00000016	2015	3	7	43.81
00000016	2015	3	8	43.8
00000016	2015	3	9	43.89
00000016	2015	3	10	43.82
00000016	2015	3	11	43.7
00000016	2015	3	12	43.71
00000016	2015	3	13	43.54
00000016	2015	3	14	43.5
00000016	2015	3	15	43.64
00000016	2015	3	16	43.68
00000016	2015	3	17	43.78
00000016	2015	3	18	44.01
00000016	2015	3	19	44.15
00000016	2015	3	20	44.42
00000016	2015	3	21	44.59
00000016	2015	3	22	44.09
00000016	2015	3	23	43.48
00000016	2015	3	24	43.57
00000016	2015	3	25	43.62
00000016	2015	3	26	43.66
00000016	2015	3	27	43.96
00000016	2015	3	28	44.35
00000016	2015	3	29	44.58
00000016	2015	3	30	44.51
00000016	2015	3	31	44.48
00000016	2015	4	1	44.38
00000016	2015	4	2	44.33
00000016	2015	4	3	44.17
00000016	2015	4	4	44.07
00000016	2015	4	5	44.01
00000016	2015	4	6	44.07
00000016	2015	4	7	44.19
00000016	2015	4	8	44.35
00000016	2015	4	9	44.52
00000016	2015	4	10	44.35
00000016	2015	4	11	44.12
00000016	2015	4	12	44.12
00000016	2015	4	13	43.85
00000016	2015	4	14	42.97
00000016	2015	4	15	42.75
00000016	2015	4	16	42.68
00000016	2015	4	17	42.11
00000016	2015	4	18	41.6
00000016	2015	4	19	40.86
00000016	2015	4	20	40.37
00000016	2015	4	21	40.53
00000016	2015	4	22	40.7
00000016	2015	4	23	41.01
00000016	2015	4	24	41.25
00000016	2015	4	25	40.92
00000016	2015	4	26	40.94
00000016	2015	4	27	41.2
00000016	2015	4	28	41.37
00000016	2015	4	29	41.5
00000016	2015	4	30	41.77
00000016	2015	5	1	42.11
00000016	2015	5	2	42.38
00000016	2015	5	3	42.68
00000016	2015	5	4	43.01
00000016	2015	5	5	43.28
00000016	2015	5	6	43.46
00000016	2015	5	7	43.51
00000016	2015	5	8	44.46
00000016	2015	5	9	46.95
00000016	2015	5	10	48.84
00000016	2015	5	11	50.1
00000016	2015	5	12	51.21
00000016	2015	5	13	52.16
00000016	2015	5	14	52.88
00000016	2015	5	15	53.64
00000016	2015	5	16	54.42
00000016	2015	5	17	54.63
00000016	2015	5	18	52.13
00000016	2015	5	19	53.22
00000016	2015	5	20	54.38
00000016	2015	5	21	55.33
00000016	2015	5	22	56.05
00000016	2015	5	23	56.63
00000016	2015	5	24	56.19
00000016	2015	5	25	56.37
00000016	2015	5	26	57.24
00000016	2015	5	27	57.88
00000016	2015	5	28	58.1
00000016	2015	5	29	58.27
00000016	2015	5	30	58.61
00000016	2015	5	31	58.96
00000016	2015	6	1	59.22
00000016	2015	6	2	59.44
00000016	2015	6	3	59.64
00000016	2015	6	4	59.91
00000016	2015	6	5	60.18
00000016	2015	6	6	60.43
00000016	2015	6	7	60.68
00000016	2015	6	8	60.9
00000016	2015	6	9	61.08
00000016	2015	6	10	61.22
00000016	2015	6	11	61.33
00000016	2015	6	12	61.38
00000016	2015	6	13	61.49
00000016	2015	6	14	61.62
00000016	2015	6	15	61.74
00000016	2015	6	16	61.92
00000016	2015	6	17	62.08
00000016	2015	6	18	62.23
00000016	2015	6	19	62.39
00000016	2015	6	20	62.54
00000016	2015	6	21	62.66
00000016	2015	6	22	62.78
00000016	2015	6	23	62.89
00000016	2015	6	24	63.01
00000016	2015	6	25	63.09
00000016	2015	6	26	63.12
00000016	2015	6	27	63.12
00000016	2015	6	28	63.13
00000016	2015	6	29	63.2
00000016	2015	6	30	63.28
00000016	2015	7	1	63.33
00000016	2015	7	2	63.3
00000016	2015	7	3	63.32
00000016	2015	7	4	62.95
00000016	2015	7	5	62.78
00000016	2015	7	6	62.84
00000016	2015	7	7	62.96
00000016	2015	7	8	63.06
00000016	2015	7	9	63.15
00000016	2015	7	10	63.27
00000016	2015	7	11	63.4
00000016	2015	7	12	63.47
00000016	2015	7	13	63.56
00000016	2015	7	14	63.66
00000016	2015	7	15	63.67
00000016	2015	7	16	63.82
00000016	2015	7	17	63.93
00000016	2015	7	18	63.64
00000016	2015	7	19	60.65
00000016	2015	7	20	58.32
00000016	2015	7	21	59.51
00000016	2015	7	22	61.35
00000016	2015	7	23	62.13
00000016	2015	7	24	62.6
00000016	2015	7	25	63.01
00000016	2015	7	26	63.32
00000016	2015	7	27	63.48
00000016	2015	7	28	63.71
00000016	2015	7	29	63.8
00000016	2015	7	30	63.88
00000016	2015	7	31	64.04
00000016	2015	8	1	64.18
00000016	2015	8	2	64.35
00000016	2015	8	3	64.56
00000016	2015	8	4	64.82
00000016	2015	8	5	65.07
00000016	2015	8	6	65.22
00000016	2015	8	7	65.14
00000016	2015	8	8	65.12
00000016	2015	8	9	65.17
00000016	2015	8	10	65.21
00000016	2015	8	11	65.09
00000016	2015	8	12	65.11
00000016	2015	8	13	65.13
00000016	2015	8	14	65.23
00000016	2015	8	15	65.33
00000016	2015	8	16	65.45
00000016	2015	8	17	65.31
00000016	2015	8	18	64.82
00000016	2015	8	19	64.71
00000016	2015	8	20	64.62
00000016	2015	8	21	64.64
00000016	2015	8	22	64.65
00000016	2015	8	23	64.39
00000016	2015	8	24	64.26
00000016	2015	8	25	64.27
00000016	2015	8	26	64.35
00000016	2015	8	27	64.42
00000016	2015	8	28	64.52
00000016	2015	8	29	64.54
00000016	2015	8	30	64.02
00000016	2015	8	31	63.89
00000016	2015	9	1	63.91
00000016	2015	9	2	63.94
00000016	2015	9	3	64
00000016	2015	9	4	64.09
00000016	2015	9	5	64.19
00000016	2015	9	6	64.27
00000016	2015	9	7	64.33
00000016	2015	9	8	64.39
00000016	2015	9	9	64.43
00000016	2015	9	10	64.38
00000016	2015	9	11	64.45
00000016	2015	9	12	64.51
00000016	2015	9	13	64.6
00000016	2015	9	14	64.67
00000016	2015	9	15	64.74
00000016	2015	9	16	64.77
00000016	2015	9	17	64.78
00000016	2015	9	18	64.82
00000016	2015	9	19	64.89
00000016	2015	9	20	64.95
00000016	2015	9	21	65.02
00000016	2015	9	22	65.11
00000016	2015	9	23	65.17
00000016	2015	9	24	65.23
00000016	2015	9	25	65.29
00000016	2015	9	26	65.38
00000016	2015	9	27	65.44
00000016	2015	9	28	65.49
00000016	2015	9	29	65.52
00000016	2015	9	30	65.56
00000016	2015	10	1	65.58
00000016	2015	10	2	65.52
00000016	2015	10	3	65.49
00000016	2015	10	4	65.44
00000016	2015	10	5	65.44
00000016	2015	10	6	65.45
00000016	2015	10	7	65.45
00000016	2015	10	8	65.47
00000016	2015	10	9	65.48
00000016	2015	10	10	65.44
00000016	2015	10	11	65.41
00000016	2015	10	12	65.39
00000016	2015	10	13	65.43
00000016	2015	10	14	65.48
00000016	2015	10	15	65.52
00000016	2015	10	16	65.57
00000016	2015	10	17	65.64
00000016	2015	10	18	65.74
00000016	2015	10	19	65.83
00000016	2015	10	20	65.96
00000016	2015	10	21	66.12
00000016	2015	10	22	66.24
00000016	2015	10	23	66.35
00000016	2015	10	24	66.49
00000016	2015	10	25	66.62
00000016	2015	10	26	66.5
00000016	2015	10	27	66.25
00000016	2015	10	28	65.99
00000016	2015	10	29	65.86
00000016	2015	10	30	65.78
00000016	2015	10	31	65.65
00000016	2015	11	1	65.19
00000016	2015	11	2	64.84
00000016	2015	11	3	64.76
00000016	2015	11	4	64.71
00000016	2015	11	5	64.65
00000016	2015	11	6	64.56
00000016	2015	11	7	63.89
00000016	2015	11	8	63.6
00000016	2015	11	9	63.47
00000016	2015	11	10	63.43
00000016	2015	11	11	63.4
00000016	2015	11	12	63.43
00000016	2015	11	13	63.53
00000016	2015	11	14	63.63
00000016	2015	11	15	63.7
00000016	2015	11	16	63.74
00000016	2015	11	17	63.74
00000016	2015	11	18	63.44
00000016	2015	11	19	63.02
00000016	2015	11	20	63
00000016	2015	11	21	63.01
00000016	2015	11	22	63.1
00000016	2015	11	23	63.21
00000016	2015	11	24	63.28
00000016	2015	11	25	63.38
00000016	2015	11	26	63.46
00000016	2015	11	27	63.5
00000016	2015	11	28	63.54
00000016	2015	11	29	63.6
00000016	2015	11	30	63.68
00000016	2015	12	1	63.52
00000016	2015	12	2	62.23
00000016	2015	12	3	62.29
00000016	2015	12	4	62.32
00000016	2015	12	5	62.4
00000016	2015	12	6	62.45
00000016	2015	12	7	62.53
00000016	2015	12	8	62.65
00000016	2015	12	9	62.74
00000016	2015	12	10	62.83
00000016	2015	12	11	62.95
00000016	2015	12	12	63.11
00000016	2015	12	13	63.12
00000016	2015	12	14	63.11
00000016	2015	12	15	63.18
00000016	2015	12	16	62.94
00000016	2015	12	17	59.81
00000016	2015	12	18	57.46
00000016	2015	12	19	55.82
00000016	2015	12	20	54.41
00000016	2015	12	21	53.28
00000016	2015	12	22	52.15
00000016	2015	12	23	51.35
00000016	2015	12	24	50.45
00000016	2015	12	25	49.34
00000016	2015	12	26	46.5
00000016	2015	12	27	46.04
00000016	2015	12	28	45.72
00000016	2015	12	29	44.97
00000016	2015	12	30	44.86
00000016	2015	12	31	44.93
00000016	2016	1	1	45.08
00000016	2016	1	2	45.19
00000016	2016	1	3	45.27
00000016	2016	1	4	45.76
00000016	2016	1	5	46.08
00000016	2016	1	6	46.12
00000016	2016	1	7	46.16
00000016	2016	1	8	46.35
00000016	2016	1	9	46.45
00000016	2016	1	10	46.53
00000016	2016	1	11	46.64
00000016	2016	1	12	46.72
00000016	2016	1	13	46.9
00000016	2016	1	14	47.25
00000016	2016	1	15	49.2
00000016	2016	1	16	48.9
00000016	2016	1	17	48.44
00000016	2016	1	18	48.36
00000016	2016	1	19	48.29
00000016	2016	1	20	48.13
00000016	2016	1	21	48.07
00000016	2016	1	22	46.86
00000016	2016	1	23	46.63
00000016	2016	1	24	46.46
00000016	2016	1	25	46.42
00000016	2016	1	26	46.26
00000016	2016	1	27	45.71
00000016	2016	1	28	45.5
00000016	2016	1	29	45.59
00000016	2016	1	30	45.68
00000016	2016	1	31	45.76
00000016	2016	2	1	45.9
00000016	2016	2	2	46.03
00000016	2016	2	3	44.61
00000016	2016	2	4	44.08
00000016	2016	2	5	44.12
00000016	2016	2	6	44.1
00000016	2016	2	7	44.1
00000016	2016	2	8	44.16
00000016	2016	2	9	44.46
00000016	2016	2	10	44.79
00000016	2016	2	11	44.96
00000016	2016	2	12	45.18
00000016	2016	2	13	45.52
00000016	2016	2	14	45.58
00000016	2016	2	15	45.32
00000016	2016	2	16	44.67
00000016	2016	2	17	44.87
00000016	2016	2	18	44.95
00000016	2016	2	19	44.96
00000016	2016	2	20	45.05
00000016	2016	2	21	45.15
00000016	2016	2	22	44.96
00000016	2016	2	23	44.05
00000016	2016	2	24	42.48
00000016	2016	2	25	42.36
00000016	2016	2	26	42.53
00000016	2016	2	27	42.62
00000016	2016	2	28	42.71
00000016	2016	2	29	42.9
00000016	2016	3	1	43.03
00000016	2016	3	2	43.06
00000016	2016	3	3	42.7
00000016	2016	3	4	42.11
00000016	2016	3	5	42.09
00000016	2016	3	6	42.21
00000016	2016	3	7	42.31
00000016	2016	3	8	42.39
00000016	2016	3	9	42.57
00000016	2016	3	10	42.75
00000016	2016	3	11	42.4
00000016	2016	3	12	42.48
00000016	2016	3	13	42.43
00000016	2016	3	14	42.6
00000016	2016	3	15	42.8
00000016	2016	3	16	43.09
00000016	2016	3	17	43.29
00000016	2016	3	18	43.48
00000016	2016	3	19	43.74
00000016	2016	3	20	44.05
00000016	2016	3	21	44.37
00000016	2016	3	22	44.56
00000016	2016	3	23	44.77
00000016	2016	3	24	44.8
00000016	2016	3	25	44.71
00000016	2016	3	26	44.91
00000016	2016	3	27	45
00000016	2016	3	28	45.14
00000016	2016	3	29	45.31
00000016	2016	3	30	45.43
00000016	2016	3	31	45.37
00000016	2016	4	1	44.97
00000016	2016	4	2	45.03
00000016	2016	4	3	45.16
00000016	2016	4	4	45.24
00000016	2016	4	5	45.47
00000016	2016	4	6	45.47
00000016	2016	4	7	45.52
00000016	2016	4	8	45.82
00000016	2016	4	9	46.08
00000016	2016	4	10	46.24
00000016	2016	4	11	46.24
00000016	2016	4	12	45.33
00000016	2016	4	13	45.14
00000016	2016	4	14	45.12
00000016	2016	4	15	45.25
00000016	2016	4	16	45.42
00000016	2016	4	17	45.61
00000016	2016	4	18	45.74
00000016	2016	4	19	45.86
00000016	2016	4	20	46
00000016	2016	4	21	46.18
00000016	2016	4	22	46.33
00000016	2016	4	23	46.53
00000016	2016	4	24	46.7
00000016	2016	4	25	46.85
00000016	2016	4	26	47.19
00000016	2016	4	27	49.45
00000016	2016	4	28	51.51
00000016	2016	4	29	52.91
00000016	2016	4	30	53.72
00000016	2016	5	1	54.69
00000016	2016	5	2	55.37
00000016	2016	5	3	55.85
00000016	2016	5	4	56.4
00000016	2016	5	5	56.88
00000016	2016	5	6	57.37
00000016	2016	5	7	57.78
00000016	2016	5	8	58.14
00000016	2016	5	9	58.51
00000016	2016	5	10	58.85
00000016	2016	5	11	59.15
00000016	2016	5	12	59.37
00000016	2016	5	13	59.6
00000016	2016	5	14	59.8
00000016	2016	5	15	60.06
00000016	2016	5	16	60.23
00000016	2016	5	17	60.38
00000016	2016	5	18	60.57
00000016	2016	5	19	60.73
00000016	2016	5	20	60.88
00000016	2016	5	21	61.01
00000016	2016	5	22	60.99
00000016	2016	5	23	61.1
00000016	2016	5	24	61.3
00000016	2016	5	25	61.75
00000016	2016	5	26	62.23
00000016	2016	5	27	62.46
00000016	2016	5	28	62.59
00000016	2016	5	29	62.66
00000016	2016	5	30	62.69
00000016	2016	5	31	62.89
00000016	2016	6	1	63.51
00000016	2016	6	2	63.72
00000016	2016	6	3	63.7
00000016	2016	6	4	63.71
00000016	2016	6	5	63.69
00000016	2016	6	6	63.64
00000016	2016	6	7	63.69
00000016	2016	6	8	63.78
00000016	2016	6	9	63.96
00000016	2016	6	10	64.47
00000016	2016	6	11	64.8
00000016	2016	6	12	65.34
00000016	2016	6	13	65.46
00000016	2016	6	14	65.4
00000016	2016	6	15	65.31
00000016	2016	6	16	65.07
00000016	2016	6	17	64.89
00000016	2016	6	18	64.93
00000016	2016	6	19	64.92
00000016	2016	6	20	64.89
00000016	2016	6	21	64.89
00000016	2016	6	22	64.94
00000016	2016	6	23	65.04
00000016	2016	6	24	65.15
00000016	2016	6	25	65.32
00000016	2016	6	26	65.45
00000016	2016	6	27	65.4
00000016	2016	6	28	65.37
00000016	2016	6	29	65.33
00000016	2016	6	30	65.35
00000016	2016	7	1	65.42
00000016	2016	7	2	65.64
00000016	2016	7	3	65.95
00000016	2016	7	4	66.18
00000016	2016	7	5	66.29
00000016	2016	7	6	66.47
00000016	2016	7	7	66.69
00000016	2016	7	8	66.99
00000016	2016	7	9	67.71
00000016	2016	7	10	68.33
00000016	2016	7	11	68.09
00000016	2016	7	12	67.72
00000016	2016	7	13	67.36
00000016	2016	7	14	67.11
00000016	2016	7	15	66.9
00000016	2016	7	16	66.79
00000016	2016	7	17	66.73
00000016	2016	7	18	66.69
00000016	2016	7	19	66.68
00000016	2016	7	20	66.68
00000016	2016	7	21	66.73
00000016	2016	7	22	66.77
00000016	2016	7	23	66.8
00000016	2016	7	24	66.02
00000016	2016	7	25	64.15
00000016	2016	7	26	64.93
00000016	2016	7	27	65.39
00000016	2016	7	28	65.74
00000016	2016	7	29	66.07
00000016	2016	7	30	66.31
00000016	2016	7	31	66.39
00000016	2016	8	1	66.5
00000016	2016	8	2	66.67
00000016	2016	8	3	66.88
00000016	2016	8	4	67.12
00000016	2016	8	5	67.39
00000016	2016	8	6	67.75
00000016	2016	8	7	68.17
00000016	2016	8	8	68.1
00000016	2016	8	9	67.88
00000016	2016	8	10	67.66
00000016	2016	8	11	67.5
00000016	2016	8	12	67.37
00000016	2016	8	13	66.76
00000016	2016	8	14	66.74
00000016	2016	8	15	66.8
00000016	2016	8	16	66.87
00000016	2016	8	17	66.98
00000016	2016	8	18	67.07
00000016	2016	8	19	67.17
00000016	2016	8	20	67.37
00000016	2016	8	21	67.56
00000016	2016	8	22	67.74
00000016	2016	8	23	67.9
00000016	2016	8	24	68.08
00000016	2016	8	25	68.26
00000016	2016	8	26	68.44
00000016	2016	8	27	68.68
00000016	2016	8	28	68.99
00000016	2016	8	29	69.35
00000016	2016	8	30	69.83
00000016	2016	8	31	70.34
00000016	2016	9	1	70.89
00000016	2016	9	2	71.15
00000016	2016	9	3	71.05
00000016	2016	9	4	70.92
00000016	2016	9	5	71
00000016	2016	9	6	71.29
00000016	2016	9	7	71.69
00000016	2016	9	8	72.15
00000016	2016	9	9	72.67
00000016	2016	9	10	73.25
00000016	2016	9	11	73.87
00000016	2016	9	12	74.56
00000016	2016	9	13	75.2
00000016	2016	9	14	75.87
00000016	2016	9	15	76.49
00000016	2016	9	16	77.1
00000016	2016	9	17	77.69
00000016	2016	9	18	78.05
00000016	2016	9	19	76.34
00000016	2016	9	20	76.4
00000016	2016	9	21	76.76
00000016	2016	9	22	77.25
00000016	2016	9	23	77.9
00000016	2016	9	24	78.58
00000016	2016	9	25	79.12
00000016	2016	9	26	79.68
00000016	2016	9	27	80.26
00000016	2016	9	28	80.84
00000016	2016	9	29	81.45
00000016	2016	9	30	82.03
00000016	2016	10	1	82.61
00000016	2016	10	2	83.17
00000016	2016	10	3	83.71
00000016	2016	10	4	84.29
00000016	2016	10	5	85.06
00000016	2016	10	6	85.98
00000016	2016	10	7	86.96
00000016	2016	10	8	87.98
00000016	2016	10	9	89.01
00000016	2016	10	10	89.99
00000016	2016	10	11	90.97
00000016	2016	10	12	91.96
00000016	2016	10	13	92.95
00000016	2016	10	14	93.9
00000016	2016	10	15	94.75
00000016	2016	10	16	94.07
00000016	2016	10	17	94.66
00000016	2016	10	18	95.7
00000016	2016	10	19	96.51
00000016	2016	10	20	97.07
00000016	2016	10	21	97.55
00000016	2016	10	22	97.69
00000016	2016	10	23	97.67
00000016	2016	10	24	97.67
00000016	2016	10	25	96.79
00000016	2016	10	26	94.5
00000016	2016	10	27	92.61
00000016	2016	10	28	91.06
00000016	2016	10	29	89.64
00000016	2016	10	30	88.35
00000016	2016	10	31	87.19
00000016	2016	11	1	86.16
00000016	2016	11	2	85.23
00000016	2016	11	3	84.35
00000016	2016	11	4	83.58
00000016	2016	11	5	82.9
00000016	2016	11	6	82.25
00000016	2016	11	7	81.67
00000016	2016	11	8	81.1
00000016	2016	11	9	80.59
00000016	2016	11	10	80.16
00000016	2016	11	11	79.68
00000016	2016	11	12	79.26
00000016	2016	11	13	78.85
00000016	2016	11	14	78.43
00000016	2016	11	15	78.07
00000016	2016	11	16	77.76
00000016	2016	11	17	77.47
00000016	2016	11	18	77.18
00000016	2016	11	19	76.95
00000016	2016	11	20	76.66
00000016	2016	11	21	76.38
00000016	2016	11	22	76.12
00000016	2016	11	23	75.85
00000016	2016	11	24	75.62
00000016	2016	11	25	75.43
00000016	2016	11	26	75.2
00000016	2016	11	27	74.77
00000016	2016	11	28	74.38
00000016	2016	11	29	74.03
00000016	2016	11	30	73.24
00000016	2016	12	1	71.31
00000016	2016	12	2	69.46
00000016	2016	12	3	68.02
00000016	2016	12	4	66.94
00000016	2016	12	5	66.01
00000016	2016	12	6	64.6
00000016	2016	12	7	63.35
00000016	2016	12	8	62.28
00000016	2016	12	9	61.34
00000016	2016	12	10	60.5
00000016	2016	12	11	59.74
00000016	2016	12	12	59.16
00000016	2016	12	13	58.71
00000016	2016	12	14	58.4
00000016	2016	12	15	58.15
00000016	2016	12	16	57.82
00000016	2016	12	17	57.53
00000016	2016	12	18	57.44
00000016	2016	12	19	57.25
00000016	2016	12	20	56.92
00000016	2016	12	21	56.62
00000016	2016	12	22	56.42
00000016	2016	12	23	56.26
00000016	2016	12	24	56.68
00000016	2016	12	25	57.34
00000016	2016	12	26	56.21
00000016	2016	12	27	55.96
00000016	2016	12	28	55.79
00000016	2016	12	29	55.65
00000016	2016	12	30	55.56
00000016	2016	12	31	55.35
00000016	2017	1	1	55.09
00000016	2017	1	2	54.28
00000016	2017	1	3	53.23
00000016	2017	1	4	53.11
00000016	2017	1	5	52.97
00000016	2017	1	6	52.96
00000016	2017	1	7	53.04
00000016	2017	1	8	53.01
00000016	2017	1	9	52.88
00000016	2017	1	10	52.72
00000016	2017	1	11	52.67
00000016	2017	1	12	52.52
00000016	2017	1	13	52.38
00000016	2017	1	14	52.22
00000016	2017	1	15	52.06
00000016	2017	1	16	51.97
00000016	2017	1	17	51.9
00000016	2017	1	18	51.86
00000016	2017	1	19	51.63
00000016	2017	1	20	50.88
00000016	2017	1	21	50.39
00000016	2017	1	22	49.58
00000016	2017	1	23	49.07
00000016	2017	1	24	49.24
00000016	2017	1	25	49.25
00000016	2017	1	26	49.28
00000016	2017	1	27	49.52
00000016	2017	1	28	49.66
00000016	2017	1	29	49.42
00000016	2017	1	30	49.31
00000016	2017	1	31	49.51
00000016	2017	2	1	49.76
00000016	2017	2	2	49.94
00000016	2017	2	3	49.74
00000016	2017	2	4	49.44
00000016	2017	2	5	49.12
00000016	2017	2	6	48.69
00000016	2017	2	7	48.27
00000016	2017	2	8	47.47
00000016	2017	2	9	47.75
00000016	2017	2	10	47.9
00000016	2017	2	11	48.06
00000016	2017	2	12	48.35
00000016	2017	2	13	48.59
00000016	2017	2	14	48.69
00000016	2017	2	15	48.79
00000016	2017	2	16	49
00000016	2017	2	17	49.11
00000016	2017	2	18	49.21
00000016	2017	2	19	49.28
00000016	2017	2	20	49.24
00000016	2017	2	21	49.32
00000016	2017	2	22	49.3
00000016	2017	2	23	49.03
00000016	2017	2	24	48.67
00000016	2017	2	25	48.56
00000016	2017	2	26	48.57
00000016	2017	2	27	48.5
00000016	2017	2	28	48.66
00000016	2017	3	1	48.91
00000016	2017	3	2	49.26
00000016	2017	3	3	49.45
00000016	2017	3	4	49.49
00000016	2017	3	5	49.57
00000016	2017	3	6	49.66
00000016	2017	3	7	49.6
00000016	2017	3	8	48.78
00000016	2017	3	9	48.5
00000016	2017	3	10	48.42
00000016	2017	3	11	48.49
00000016	2017	3	12	48.48
00000016	2017	3	13	48.42
00000016	2017	3	14	48.41
00000016	2017	3	15	48.58
00000016	2017	3	16	48.65
00000016	2017	3	17	48.72
00000016	2017	3	18	48.76
00000016	2017	3	19	48.85
00000016	2017	3	20	48.43
00000016	2017	3	21	48.11
00000016	2017	3	22	48.49
00000016	2017	3	23	48.79
00000016	2017	3	24	48.54
00000016	2017	3	25	48.06
00000016	2017	3	26	47.15
00000016	2017	3	27	46.82
00000016	2017	3	28	45.77
00000016	2017	3	29	45.06
00000016	2017	3	30	44.82
00000016	2017	3	31	45.09
00000016	2017	4	1	45.22
00000016	2017	4	2	45.14
00000016	2017	4	3	44.26
00000016	2017	4	4	43.4
00000016	2017	4	5	43.14
00000016	2017	4	6	43.13
00000016	2017	4	7	43.44
00000016	2017	4	8	43.72
00000016	2017	4	9	43.76
00000016	2017	4	10	44.11
00000016	2017	4	11	44.51
00000016	2017	4	12	44.91
00000016	2017	4	13	45.25
00000016	2017	4	14	45.53
00000016	2017	4	15	45.84
00000016	2017	4	16	46.16
00000016	2017	4	17	46.44
00000016	2017	4	18	46.77
00000016	2017	4	19	47.08
00000016	2017	4	20	47.3
00000016	2017	4	21	47.49
00000016	2017	4	22	47.7
00000016	2017	4	23	47.49
00000016	2017	4	24	47.48
00000016	2017	4	25	47.58
00000016	2017	4	26	47.81
00000016	2017	4	27	48.05
00000016	2017	4	28	48.27
00000016	2017	4	29	48.33
00000016	2017	4	30	48.26
00000016	2017	5	1	47.7
00000016	2017	5	2	47.73
00000016	2017	5	3	47.74
00000016	2017	5	4	47.65
00000016	2017	5	5	47.77
00000016	2017	5	6	47.84
00000016	2017	5	7	47.65
00000016	2017	5	8	47.47
00000016	2017	5	9	47.75
00000016	2017	5	10	48.14
00000016	2017	5	11	48.4
00000016	2017	5	12	48.55
00000016	2017	5	13	48.75
00000016	2017	5	14	49
00000016	2017	5	15	49.15
00000016	2017	5	16	49.3
00000016	2017	5	17	50.17
00000016	2017	5	18	52.69
00000016	2017	5	19	54.46
00000016	2017	5	20	55.81
00000016	2017	5	21	56.55
00000016	2017	5	22	56.86
00000016	2017	5	23	52.91
00000016	2017	5	24	50.53
00000016	2017	5	25	49.61
00000016	2017	5	26	49.17
00000016	2017	5	27	49.66
00000016	2017	5	28	51.89
00000016	2017	5	29	53.56
00000016	2017	5	30	54.31
00000016	2017	5	31	52.18
00000016	2017	6	1	51.02
00000016	2017	6	2	50.44
00000016	2017	6	3	50.1
00000016	2017	6	4	49.86
00000016	2017	6	5	49.51
00000016	2017	6	6	47.96
00000016	2017	6	7	46.32
00000016	2017	6	8	46.16
00000016	2017	6	9	46.18
00000016	2017	6	10	46.42
00000016	2017	6	11	46.65
00000016	2017	6	12	46.87
00000016	2017	6	13	47.32
00000016	2017	6	14	49.39
00000016	2017	6	15	49.02
00000016	2017	6	16	48.48
00000016	2017	6	17	48.38
00000016	2017	6	18	48.46
00000016	2017	6	19	48.43
00000016	2017	6	20	48.5
00000016	2017	6	21	48.56
00000016	2017	6	22	47.49
00000016	2017	6	23	45.57
00000016	2017	6	24	43.6
00000016	2017	6	25	43.13
00000016	2017	6	26	43
00000016	2017	6	27	43.16
00000016	2017	6	28	43.68
00000016	2017	6	29	43.97
00000016	2017	6	30	43.56
00000016	2017	7	1	43.47
00000016	2017	7	2	43.63
00000016	2017	7	3	43.73
00000016	2017	7	4	43.89
00000016	2017	7	5	43.98
00000016	2017	7	6	43.9
00000016	2017	7	7	43.94
00000016	2017	7	8	43.86
00000016	2017	7	9	43.94
00000016	2017	7	10	44.21
00000016	2017	7	11	44.56
00000016	2017	7	12	44.92
00000016	2017	7	13	45.24
00000016	2017	7	14	45.65
00000016	2017	7	15	45.35
00000016	2017	7	16	45.15
00000016	2017	7	17	45.16
00000016	2017	7	18	45.29
00000016	2017	7	19	45.49
00000016	2017	7	20	46.04
00000016	2017	7	21	48.2
00000016	2017	7	22	50.09
00000016	2017	7	23	51.47
00000016	2017	7	24	52.24
00000016	2017	7	25	50.48
00000016	2017	7	26	49.77
00000016	2017	7	27	51.22
00000016	2017	7	28	50.53
00000016	2017	7	29	51.9
00000016	2017	7	30	53.28
00000016	2017	7	31	54.26
00000016	2017	8	1	54.77
00000016	2017	8	2	52.78
00000016	2017	8	3	51.52
00000016	2017	8	4	50.88
00000016	2017	8	5	50.51
00000016	2017	8	6	50.48
00000016	2017	8	7	52.1
00000016	2017	8	8	50.21
00000016	2017	8	9	49.36
00000016	2017	8	10	49.09
00000016	2017	8	11	48.66
00000016	2017	8	12	48.51
00000016	2017	8	13	48.47
00000016	2017	8	14	48.42
00000016	2017	8	15	48.46
00000016	2017	8	16	48.55
00000016	2017	8	17	48.6
00000016	2017	8	18	49.11
00000016	2017	8	19	51.1
00000016	2017	8	20	50.36
00000016	2017	8	21	49.65
00000016	2017	8	22	49.42
00000016	2017	8	23	49.32
00000016	2017	8	24	49.29
00000016	2017	8	25	49.61
00000016	2017	8	26	51.89
00000016	2017	8	27	53.67
00000016	2017	8	28	54.65
00000016	2017	8	29	52.92
00000016	2017	8	30	51.64
00000016	2017	8	31	50.81
00000016	2017	9	1	50.27
00000016	2017	9	2	50.13
00000016	2017	9	3	50.05
00000016	2017	9	4	49.97
00000016	2017	9	5	49.87
00000016	2017	9	6	49.64
00000016	2017	9	7	49.73
00000016	2017	9	8	49.83
00000016	2017	9	9	49.91
00000016	2017	9	10	49.92
00000016	2017	9	11	49.13
00000016	2017	9	12	48.1
00000016	2017	9	13	48.23
00000016	2017	9	14	48.34
00000016	2017	9	15	48.52
00000016	2017	9	16	48.63
00000016	2017	9	17	48.37
00000016	2017	9	18	48.46
00000016	2017	9	19	48.72
00000016	2017	9	20	48.91
00000016	2017	9	21	48.7
00000016	2017	9	22	48.92
00000016	2017	9	23	49.15
00000016	2017	9	24	49.3
00000016	2017	9	25	49.58
00000016	2017	9	26	49.26
00000016	2017	9	27	48.77
00000016	2017	9	28	48.49
00000016	2017	9	29	48.31
00000016	2017	9	30	48.2
00000016	2017	10	1	48.11
00000016	2017	10	2	48.07
00000016	2017	10	3	48.49
00000016	2017	10	4	48.51
00000016	2017	10	5	48.23
00000016	2017	10	6	48.08
00000016	2017	10	7	47.98
00000016	2017	10	8	47.13
00000016	2017	10	9	46.66
00000016	2017	10	10	46.68
00000016	2017	10	11	46.89
00000016	2017	10	12	46.97
00000016	2017	10	13	47.04
00000016	2017	10	14	47.12
00000016	2017	10	15	47.14
00000016	2017	10	16	47.12
00000016	2017	10	17	47.16
00000016	2017	10	18	47.22
00000016	2017	10	19	47.27
00000016	2017	10	20	47.3
00000016	2017	10	21	47.35
00000016	2017	10	22	47.31
00000016	2017	10	23	46.72
00000016	2017	10	24	46.73
00000016	2017	10	25	47.06
00000016	2017	10	26	47.42
00000016	2017	10	27	47.72
00000016	2017	10	28	47.22
00000016	2017	10	29	46.83
00000016	2017	10	30	46.96
00000016	2017	10	31	47.9
00000016	2017	11	1	48.66
00000016	2017	11	2	49.33
00000016	2017	11	3	49.85
00000016	2017	11	4	50.27
00000016	2017	11	5	50.62
00000016	2017	11	6	50.9
00000016	2017	11	7	51.14
00000016	2017	11	8	51.29
00000016	2017	11	9	51.4
00000016	2017	11	10	51.54
00000016	2017	11	11	51.69
00000016	2017	11	12	51.86
00000016	2017	11	13	51.97
00000016	2017	11	14	52.04
00000016	2017	11	15	52.15
00000016	2017	11	16	52.29
00000016	2017	11	17	52.38
00000016	2017	11	18	52.37
00000016	2017	11	19	52.54
00000016	2017	11	20	52.61
00000016	2017	11	21	52.65
00000016	2017	11	22	52.8
00000016	2017	11	23	52.83
00000016	2017	11	24	52.88
00000016	2017	11	25	53
00000016	2017	11	26	53.13
00000016	2017	11	27	53.2
00000016	2017	11	28	53.43
00000016	2017	11	29	53.57
00000016	2017	11	30	53.59
00000016	2017	12	1	53.64
00000016	2017	12	2	53.73
00000016	2017	12	3	53.8
00000016	2017	12	4	53.87
00000016	2017	12	5	53.85
00000016	2017	12	6	53.78
00000016	2017	12	7	53.8
00000016	2017	12	8	53.74
00000016	2017	12	9	53.73
00000016	2017	12	10	53.8
00000016	2017	12	11	53.49
00000016	2017	12	12	52.35
00000016	2017	12	13	51.42
00000016	2017	12	14	50.89
00000016	2017	12	15	50.6
00000016	2017	12	16	50.31
00000016	2017	12	17	49.93
00000016	2017	12	18	49.61
00000016	2017	12	19	49.39
00000016	2017	12	20	48.31
00000016	2017	12	21	47.56
00000016	2017	12	22	47.47
00000016	2017	12	23	47.31
00000016	2017	12	24	47.26
00000016	2017	12	25	47.33
00000016	2017	12	26	47.28
00000016	2017	12	27	47.35
00000016	2017	12	28	47.35
00000016	2017	12	29	47.36
00000016	2017	12	30	47.38
00000016	2017	12	31	47.5
00000016	2018	1	1	47.66
00000016	2018	1	2	47.55
00000016	2018	1	3	47.42
00000016	2018	1	4	47.53
00000016	2018	1	5	47.63
00000016	2018	1	6	47.71
00000016	2018	1	7	47.67
00000016	2018	1	8	47.48
00000016	2018	1	9	47.48
00000016	2018	1	10	47.5
00000016	2018	1	11	47.34
00000016	2018	1	12	47
00000016	2018	1	13	47.2
00000016	2018	1	14	47.13
00000016	2018	1	15	47.05
00000016	2018	1	16	47.11
00000016	2018	1	17	47.2
00000016	2018	1	18	47.16
00000016	2018	1	19	47.16
00000016	2018	1	20	47.24
00000016	2018	1	21	47.27
00000016	2018	1	22	47.14
00000016	2018	1	23	47.24
00000016	2018	1	24	47.41
00000016	2018	1	25	47.49
00000016	2018	1	26	47.47
00000016	2018	1	27	47.39
00000016	2018	1	28	47.23
00000016	2018	1	29	47.21
00000016	2018	1	30	47.29
00000016	2018	1	31	47.19
00000016	2018	2	1	47.21
00000016	2018	2	2	47.35
00000016	2018	2	3	47.18
00000016	2018	2	4	46.33
00000016	2018	2	5	45.94
00000016	2018	2	6	45.81
00000016	2018	2	7	44.79
00000016	2018	2	8	43.98
00000016	2018	2	9	43.78
00000016	2018	2	10	43.53
00000016	2018	2	11	42.78
00000016	2018	2	12	42.49
00000016	2018	2	13	42.29
00000016	2018	2	14	42.13
00000016	2018	2	15	42.02
00000016	2018	2	16	42.11
00000016	2018	2	17	42.23
00000016	2018	2	18	42.26
00000016	2018	2	19	42.33
00000016	2018	2	20	42.43
00000016	2018	2	21	42.56
00000016	2018	2	22	42.7
00000016	2018	2	23	42.77
00000016	2018	2	24	42.8
00000016	2018	2	25	42.73
00000016	2018	2	26	42.31
00000016	2018	2	27	42.12
00000016	2018	2	28	41.75
00000016	2018	3	1	41.59
00000016	2018	3	2	41.56
00000016	2018	3	3	41.48
00000016	2018	3	4	41.44
00000016	2018	3	5	41.43
00000016	2018	3	6	41.1
00000016	2018	3	7	41.18
00000016	2018	3	8	41.2
00000016	2018	3	9	41.26
00000016	2018	3	10	41.2
00000016	2018	3	11	40.55
00000016	2018	3	12	40.49
00000016	2018	3	13	40.5
00000016	2018	3	14	40.57
00000016	2018	3	15	40.59
00000016	2018	3	16	40.72
00000016	2018	3	17	40.67
00000016	2018	3	18	40.69
00000016	2018	3	19	40.64
00000016	2018	3	20	40.83
00000016	2018	3	21	41.15
00000016	2018	3	22	41.36
00000016	2018	3	23	41.43
00000016	2018	3	24	41.43
00000016	2018	3	25	41.65
00000016	2018	3	26	41.93
00000016	2018	3	27	42.03
00000016	2018	3	28	42.08
00000016	2018	3	29	42.1
00000016	2018	3	30	42.09
00000016	2018	3	31	42.13
00000016	2018	4	1	42.14
00000016	2018	4	2	42.22
00000016	2018	4	3	42.35
00000016	2018	4	4	42.45
00000016	2018	4	5	42.54
00000016	2018	4	6	42.53
00000016	2018	4	7	42.52
00000016	2018	4	8	43.82
00000016	2018	4	9	43.48
00000016	2018	4	10	43.34
00000016	2018	4	11	43.3
00000016	2018	4	12	43.27
00000016	2018	4	13	43.29
00000016	2018	4	14	43.15
00000016	2018	4	15	41.09
00000016	2018	4	16	40.37
00000016	2018	4	17	40.32
00000016	2018	4	18	40.38
00000016	2018	4	19	40.65
00000016	2018	4	20	40.81
00000016	2018	4	21	40.87
00000016	2018	4	22	40.76
00000016	2018	4	23	40.33
00000016	2018	4	24	40.33
00000016	2018	4	25	40.38
00000016	2018	4	26	40.12
00000016	2018	4	27	39.95
00000016	2018	4	28	39.99
00000016	2018	4	29	40.19
00000016	2018	4	30	40.29
00000016	2018	5	1	40.44
00000016	2018	5	2	40.6
00000016	2018	5	3	40.76
00000016	2018	5	4	40.92
00000016	2018	5	5	41.08
00000016	2018	5	6	41.31
00000016	2018	5	7	41.82
00000016	2018	5	8	42.26
00000016	2018	5	9	42.31
00000016	2018	5	10	42.81
00000016	2018	5	11	43.12
00000016	2018	5	12	43.31
00000016	2018	5	13	44.64
00000016	2018	5	14	44.9
00000016	2018	5	15	47.21
00000016	2018	5	16	49.21
00000016	2018	5	17	50.04
00000016	2018	5	18	48.27
00000016	2018	5	19	47.32
00000016	2018	5	20	46.81
00000016	2018	5	21	46.48
00000016	2018	5	22	46.23
00000016	2018	5	23	46.11
00000016	2018	5	24	45.96
00000016	2018	5	25	45.82
00000016	2018	5	26	45.69
00000016	2018	5	27	45.54
00000016	2018	5	28	45.29
00000016	2018	5	29	44.71
00000016	2018	5	30	44.1
00000016	2018	5	31	43.83
00000016	2018	6	1	43.81
00000016	2018	6	2	43.81
00000016	2018	6	3	43.9
00000016	2018	6	4	44.52
00000016	2018	6	5	46.99
00000016	2018	6	6	49.21
00000016	2018	6	7	50.96
00000016	2018	6	8	52.38
00000016	2018	6	9	53.51
00000016	2018	6	10	54.45
00000016	2018	6	11	54.98
00000016	2018	6	12	55.74
00000016	2018	6	13	56.38
00000016	2018	6	14	56.96
00000016	2018	6	15	57.47
00000016	2018	6	16	57.95
00000016	2018	6	17	58.36
00000016	2018	6	18	58.69
00000016	2018	6	19	58.97
00000016	2018	6	20	59.27
00000016	2018	6	21	59.53
00000016	2018	6	22	59.67
00000016	2018	6	23	59.53
00000016	2018	6	24	59.48
00000016	2018	6	25	59.71
00000016	2018	6	26	59.89
00000016	2018	6	27	60.05
00000016	2018	6	28	59.56
00000016	2018	6	29	56.19
00000016	2018	6	30	57.11
00000016	2018	7	1	58
00000016	2018	7	2	58.63
00000016	2018	7	3	59.12
00000016	2018	7	4	59.41
00000016	2018	7	5	59.61
00000016	2018	7	6	59.89
00000016	2018	7	7	59.97
00000016	2018	7	8	60.23
00000016	2018	7	9	60.5
00000016	2018	7	10	60.7
00000016	2018	7	11	60.95
00000016	2018	7	12	61.17
00000016	2018	7	13	61.35
00000016	2018	7	14	60.98
00000016	2018	7	15	57.57
00000016	2018	7	16	55.07
00000016	2018	7	17	53.35
00000016	2018	7	18	52.06
00000016	2018	7	19	51.1
00000016	2018	7	20	50.39
00000016	2018	7	21	49.84
00000016	2018	7	22	49.46
00000016	2018	7	23	49.26
00000016	2018	7	24	49.52
00000016	2018	7	25	49.3
00000016	2018	7	26	49.07
00000016	2018	7	27	49
00000016	2018	7	28	49.43
00000016	2018	7	29	49.77
00000016	2018	7	30	50.03
00000016	2018	7	31	50.22
00000016	2018	8	1	50.01
00000016	2018	8	2	49.52
00000016	2018	8	3	49.29
00000016	2018	8	4	49.42
00000016	2018	8	5	51.92
00000016	2018	8	6	51.95
00000016	2018	8	7	54.25
00000016	2018	8	8	55.85
00000016	2018	8	9	57.1
00000016	2018	8	10	58.06
00000016	2018	8	11	58.95
00000016	2018	8	12	59.69
00000016	2018	8	13	60.29
00000016	2018	8	14	60.88
00000016	2018	8	15	61.45
00000016	2018	8	16	62
00000016	2018	8	17	62.51
00000016	2018	8	18	62.89
00000016	2018	8	19	63.03
00000016	2018	8	20	63.23
00000016	2018	8	21	63.46
00000016	2018	8	22	63.72
00000016	2018	8	23	63.98
00000016	2018	8	24	64.3
00000016	2018	8	25	64.67
00000016	2018	8	26	65.05
00000016	2018	8	27	65.46
00000016	2018	8	28	65.93
00000016	2018	8	29	66.44
00000016	2018	8	30	66.97
00000016	2018	8	31	67.54
00000016	2018	9	1	68.08
00000016	2018	9	2	68.65
00000016	2018	9	3	69.21
00000016	2018	9	4	69.79
00000016	2018	9	5	70.39
00000016	2018	9	6	70.99
00000016	2018	9	7	71.57
00000016	2018	9	8	72.12
00000016	2018	9	9	72.68
00000016	2018	9	10	73.06
00000016	2018	9	11	72.56
00000016	2018	9	12	71.9
00000016	2018	9	13	71.56
00000016	2018	9	14	71.45
00000016	2018	9	15	71.56
00000016	2018	9	16	71.75
00000016	2018	9	17	72.05
00000016	2018	9	18	72.4
00000016	2018	9	19	72.83
00000016	2018	9	20	73.3
00000016	2018	9	21	73.81
00000016	2018	9	22	74.32
00000016	2018	9	23	74.85
00000016	2018	9	24	75.27
00000016	2018	9	25	73.49
00000016	2018	9	26	72.29
00000016	2018	9	27	71.13
00000016	2018	9	28	70.18
00000016	2018	9	29	69.52
00000016	2018	9	30	69
00000016	2018	10	1	68.56
00000016	2018	10	2	68.22
00000016	2018	10	3	67.95
00000016	2018	10	4	67.77
00000016	2018	10	5	67.64
00000016	2018	10	6	67.57
00000016	2018	10	7	67.54
00000016	2018	10	8	67.52
00000016	2018	10	9	67.48
00000016	2018	10	10	67.43
00000016	2018	10	11	67.49
00000016	2018	10	12	67.47
00000016	2018	10	13	67.5
00000016	2018	10	14	67.52
00000016	2018	10	15	67.57
00000016	2018	10	16	67.65
00000016	2018	10	17	67.79
00000016	2018	10	18	67.89
00000016	2018	10	19	67.97
00000016	2018	10	20	67.64
00000016	2018	10	21	64.93
00000016	2018	10	22	86.4
00000016	2018	10	23	97.8
00000016	2018	10	24	97.76
00000016	2018	10	25	97.76
00000016	2018	10	26	97.76
00000016	2018	10	27	97.76
00000016	2018	10	28	97.76
00000016	2018	10	29	97.75
00000016	2018	10	30	97.75
00000016	2018	10	31	97.75
00000016	2018	11	1	97.75
00000016	2018	11	2	97.75
00000016	2018	11	3	97.75
00000016	2018	11	4	97.75
00000016	2018	11	5	97.75
00000016	2018	11	6	97.75
00000016	2018	11	7	97.75
00000016	2018	11	8	97.75
00000016	2018	11	9	97.75
00000016	2018	11	10	97.74
00000016	2018	11	11	97.74
00000016	2018	11	12	97.74
00000016	2018	11	13	97.74
00000016	2018	11	14	97.74
00000016	2018	11	15	97.74
00000016	2018	11	16	97.74
00000016	2019	7	30	61.7
00000016	2019	7	31	61.85
00000016	2019	8	1	62.01
00000016	2019	8	2	62.1
00000016	2019	8	3	61.71
00000016	2019	8	4	58.52
00000016	2019	8	5	56.98
00000016	2019	8	6	58.38
00000016	2019	8	7	59.15
00000016	2019	8	8	59.59
00000016	2019	8	9	59.99
00000016	2019	8	10	60.37
00000016	2019	8	11	60.72
00000016	2019	8	12	61.05
00000016	2019	8	13	61.38
00000016	2019	8	14	61.65
00000016	2019	8	15	61.99
00000016	2019	8	16	62.32
00000016	2019	8	17	62.69
00000016	2019	8	18	63.12
00000016	2019	8	19	63.65
00000016	2019	8	20	64.23
00000016	2019	8	21	64.83
00000016	2019	8	22	65.45
00000016	2019	8	23	66.08
00000016	2019	8	24	66.69
00000016	2019	8	25	67.27
00000016	2019	8	26	67.49
00000016	2019	8	27	66.49
00000016	2019	8	28	65.66
00000016	2019	8	29	65.07
00000016	2019	8	30	64.65
00000016	2019	8	31	64.35
00000016	2019	9	1	64.11
00000016	2019	9	2	63.95
00000016	2019	9	3	63.75
00000016	2019	9	4	63.73
00000016	2019	9	5	63.8
00000016	2019	9	6	63.95
00000016	2019	9	7	64.14
00000016	2019	9	8	64.4
00000016	2019	9	9	64.71
00000016	2019	9	10	64.06
00000016	2019	9	11	64.58
00000016	2019	9	12	65.13
00000016	2019	9	13	65.68
00000016	2019	9	14	66.19
00000016	2019	9	15	66.72
00000016	2019	9	16	67.28
00000016	2019	9	17	67.89
00000016	2019	9	18	68.47
00000016	2019	9	19	69.1
00000016	2019	9	20	69.71
00000016	2019	9	21	70.31
00000016	2019	9	22	70.93
00000016	2019	9	23	71.55
00000016	2019	9	24	72.17
00000016	2019	9	25	72.8
00000016	2019	9	26	73.42
00000016	2019	9	27	74.05
00000016	2019	9	28	74.69
00000016	2019	9	29	75.33
00000016	2019	9	30	75.96
00000016	2019	10	1	76.6
00000016	2019	10	2	77.23
00000016	2019	10	3	77.84
00000016	2019	10	4	78.45
00000016	2019	10	5	79.1
00000016	2019	10	6	79.62
00000016	2019	10	7	80.05
00000016	2019	10	8	79.25
00000016	2019	10	9	78.39
00000016	2019	10	10	78.04
00000016	2019	10	11	78.05
00000016	2019	10	12	78.32
00000016	2019	10	13	78.67
00000016	2019	10	14	79.04
00000016	2019	10	15	79.41
00000016	2019	10	16	79.77
00000016	2019	10	17	80.06
00000016	2019	10	18	80.29
00000016	2019	10	19	80.54
00000016	2019	10	20	80.83
00000016	2019	10	21	81.05
00000016	2019	10	22	80.59
00000016	2019	10	23	80.64
00000016	2019	10	24	80.94
00000016	2019	10	25	80.41
00000016	2019	10	26	77.78
00000016	2019	10	27	73.53
00000016	2019	10	28	69.8
00000016	2019	10	29	67.06
00000016	2019	10	30	64.68
00000016	2019	10	31	62.27
00000016	2019	11	1	59.92
00000016	2019	11	2	57.8
00000016	2019	11	3	55.99
00000016	2019	11	4	54.92
00000016	2019	11	5	54.19
00000016	2019	11	6	53.54
00000016	2019	11	7	52.92
00000016	2019	11	8	52.38
00000016	2019	11	9	51.48
00000016	2019	11	10	50.85
00000016	2019	11	11	50.83
00000016	2019	11	12	50.8
00000016	2019	11	13	50.63
00000016	2019	11	14	50.55
00000016	2019	11	15	50.36
00000016	2019	11	16	49.75
00000016	2019	11	17	49.31
00000016	2019	11	18	49.04
00000016	2019	11	19	49.37
00000016	2019	11	20	49.72
00000016	2019	11	21	49.83
00000016	2019	11	22	49.82
00000016	2019	11	23	48.93
00000016	2019	11	24	47.87
00000016	2019	11	25	47.62
00000016	2019	11	26	48.07
00000016	2019	11	27	48.58
00000016	2019	11	28	48.96
00000016	2019	11	29	49.16
00000016	2019	11	30	49.16
00000016	2019	12	1	48.6
00000016	2019	12	2	48.79
00000016	2019	12	3	48.95
00000016	2019	12	4	49.16
00000016	2019	12	5	49.16
00000016	2019	12	6	48.66
00000016	2019	12	7	48.33
00000016	2019	12	8	48.01
00000016	2019	12	9	47.75
00000016	2019	12	10	47.36
00000016	2019	12	11	46.85
00000016	2019	12	12	46.49
00000016	2019	12	13	46.16
00000016	2019	12	14	46.12
00000016	2019	12	15	46.18
00000016	2019	12	16	46.12
00000016	2019	12	17	45.63
00000016	2019	12	18	45.53
00000016	2019	12	19	45.47
00000016	2019	12	20	45.47
00000016	2019	12	21	45.45
00000016	2019	12	22	44.52
00000016	2019	12	23	43.08
00000016	2019	12	24	43.05
00000016	2019	12	25	43.13
00000016	2019	12	26	43.25
00000016	2019	12	27	43.35
00000016	2019	12	28	43.41
00000016	2019	12	29	43.33
00000016	2019	12	30	43.41
00000016	2019	12	31	43.52
00000016	2020	1	1	43.57
00000016	2020	1	2	43.11
00000016	2020	1	3	41.55
00000016	2020	1	4	40.96
00000016	2020	1	5	41
00000016	2020	1	6	40.93
00000016	2020	1	7	41.11
00000016	2020	1	8	41.33
00000016	2020	1	9	41.42
00000016	2020	1	10	41.47
00000016	2020	1	11	41.32
00000016	2020	1	12	40.93
00000016	2020	1	13	40.79
00000016	2020	1	14	40.36
00000016	2020	1	15	39.94
00000016	2020	1	16	39.79
00000016	2020	1	17	39.64
00000016	2020	1	18	39.44
00000016	2020	1	19	39.44
00000016	2020	1	20	39.59
00000016	2020	1	21	39.67
00000016	2020	1	22	39.67
00000016	2020	1	23	39.56
00000016	2020	1	24	39.03
00000016	2020	1	25	39.06
00000016	2020	1	26	39.03
00000016	2020	1	27	39.08
00000016	2020	1	28	39.24
00000016	2020	1	29	39.38
00000016	2020	1	30	39.6
00000016	2020	1	31	39.76
00000016	2020	2	1	39.92
00000016	2020	2	2	40.09
00000016	2020	2	3	40.26
00000016	2020	2	4	40.51
00000016	2020	2	5	40.87
00000016	2020	2	6	39.54
00000016	2020	2	7	38.45
00000016	2020	2	8	38.44
00000016	2020	2	9	38.4
00000016	2020	2	10	37.89
00000016	2020	2	11	36.24
00000016	2020	2	12	35.32
00000016	2020	2	13	35.37
00000016	2020	2	14	35.71
00000016	2020	2	15	35.76
00000016	2020	2	16	35.79
00000016	2020	2	17	35.99
00000016	2020	2	18	35.93
00000016	2020	2	19	35.19
00000016	2020	2	20	34.77
00000016	2020	2	21	34.45
00000016	2020	2	22	34.42
00000016	2020	2	23	34.47
00000016	2020	2	24	34.29
00000016	2020	2	25	34.06
00000016	2020	2	26	34.32
00000016	2020	2	27	34.59
00000016	2020	2	28	34.74
00000016	2020	2	29	35.36
00000016	2020	3	1	35.48
00000016	2020	3	2	35.28
00000016	2020	3	3	35.07
00000016	2020	3	4	34.8
00000016	2020	3	5	33.97
00000016	2020	3	6	33.65
00000016	2020	3	7	34.17
00000016	2020	3	8	34.61
00000016	2020	3	9	34.95
00000016	2020	3	10	35.15
00000016	2020	3	11	35.35
00000016	2020	3	12	35.46
00000016	2020	3	13	35.87
00000016	2020	3	14	35.81
00000016	2020	3	15	35.75
00000016	2020	3	16	35.84
00000016	2020	3	17	36.39
00000016	2020	3	18	36.87
00000016	2020	3	19	37.3
00000016	2020	3	20	37.65
00000016	2020	3	21	38.09
00000016	2020	3	22	37.94
00000016	2020	3	23	37.65
00000016	2020	3	24	37.24
00000016	2020	3	25	36.9
00000016	2020	3	26	36.95
00000016	2020	3	27	37.13
00000016	2020	3	28	37.36
00000016	2020	3	29	37.68
00000016	2020	3	30	37.93
00000016	2020	3	31	37.89
00000016	2020	4	1	38.2
00000016	2020	4	2	38.45
00000016	2020	4	3	38.64
00000016	2020	4	4	38.89
00000016	2020	4	5	39.18
00000016	2020	4	6	39.52
00000016	2020	4	7	39.92
00000016	2020	4	8	40.12
00000016	2020	4	9	40.42
00000016	2020	4	10	40.77
00000016	2020	4	11	41
00000016	2020	4	12	41.04
00000016	2020	4	13	40.35
00000016	2020	4	14	40.17
00000016	2020	4	15	40.07
00000016	2020	4	16	40.45
00000016	2020	4	17	40.73
00000016	2020	4	18	40.93
00000016	2020	4	19	40.55
00000016	2020	4	20	39.2
00000016	2020	4	21	39
00000016	2020	4	22	39.15
00000016	2020	4	23	38.59
00000016	2020	4	24	38.51
00000016	2020	4	25	38.28
00000016	2020	4	26	38.6
00000016	2020	4	27	38.89
00000016	2020	4	28	39.05
00000016	2020	4	29	39.19
00000016	2020	4	30	39.52
00000016	2020	5	1	39.85
00000016	2020	5	2	40.1
00000016	2020	5	3	40.31
00000016	2020	5	4	40.57
00000016	2020	5	5	41.17
00000016	2020	5	6	41.84
00000016	2020	5	7	42.2
00000016	2020	5	8	42.49
00000016	2020	5	9	42.94
00000016	2020	5	10	43.24
00000016	2020	5	11	43.58
00000016	2020	5	12	43.92
00000016	2020	5	13	44.18
00000016	2020	5	14	44.47
00000016	2020	5	15	44.75
00000016	2020	5	16	45.49
00000016	2020	5	17	47.52
00000016	2020	5	18	48.86
00000016	2020	5	19	49.74
00000016	2020	5	20	47.95
00000016	2020	5	21	47.42
00000016	2020	5	22	47.46
00000016	2020	5	23	47.49
00000016	2020	5	24	47.45
00000016	2020	5	25	47.6
00000016	2020	5	26	47.65
00000016	2020	5	27	47.42
00000016	2020	5	28	47.17
00000016	2020	5	29	46.53
00000016	2020	5	30	46.02
00000016	2020	5	31	45.71
00000016	2020	6	1	45.54
00000016	2020	6	2	45.95
00000016	2020	6	3	46.29
00000016	2020	6	4	46.05
00000016	2020	6	5	46.24
00000016	2020	6	6	45.98
00000016	2020	6	7	45.72
00000016	2020	6	8	45.51
00000016	2020	6	9	45.2
00000016	2020	6	10	45.02
00000016	2020	6	11	45.04
00000016	2020	6	12	44.99
00000016	2020	6	13	44.99
00000016	2020	6	14	45.08
00000016	2020	6	15	45.6
00000016	2020	6	16	47.83
00000016	2020	6	17	49.81
00000016	2020	6	18	51.26
00000016	2020	6	19	52.43
00000016	2020	6	20	53.38
00000016	2020	6	21	54.57
00000016	2020	6	22	55.69
00000016	2020	6	23	55.97
00000016	2020	6	24	56.17
00000016	2020	6	25	56.29
00000016	2020	6	26	56.32
00000016	2020	6	27	56.48
00000016	2020	6	28	56.7
00000016	2020	6	29	56.96
00000016	2020	6	30	57.18
00000016	2020	7	1	57.34
00000016	2020	7	2	57.51
00000016	2020	7	3	57.72
00000016	2020	7	4	57.92
00000016	2020	7	5	58.02
00000016	2020	7	6	58.2
00000016	2020	7	7	58.32
00000016	2020	7	8	58.42
00000016	2020	7	9	58.43
00000016	2020	7	10	58.57
00000016	2020	7	11	58.71
00000016	2020	7	12	58.76
00000016	2020	7	13	58.73
00000016	2020	7	14	58.85
00000016	2020	7	15	58.97
00000016	2020	7	16	59.14
00000016	2020	7	17	59.27
00000016	2020	7	18	59.4
00000016	2020	7	19	59.53
00000016	2020	7	20	59.67
00000016	2020	7	21	60.19
00000016	2020	7	22	60.38
00000016	2020	7	23	60.34
00000016	2020	7	24	60.37
00000016	2020	7	25	60.42
00000016	2020	7	26	60.45
00000016	2020	7	27	60.5
00000016	2020	7	28	61.06
00000016	2020	7	29	61.19
00000016	2020	7	30	61.11
00000016	2020	7	31	61.03
00000016	2020	8	1	60.89
00000016	2020	8	2	60.87
00000016	2020	8	3	60.88
00000016	2020	8	4	60.95
00000016	2020	8	5	61.01
00000016	2020	8	6	61.15
00000016	2020	8	7	61.69
00000016	2020	8	8	61.83
00000016	2020	8	9	62.2
00000016	2020	8	10	62.25
00000016	2020	8	11	62.17
00000016	2020	8	12	62.24
00000016	2020	8	13	62.79
00000016	2020	8	14	62.89
00000016	2020	8	15	62.83
00000016	2020	8	16	62.74
00000016	2020	8	17	62.7
00000016	2020	8	18	63.07
00000016	2020	8	19	63.59
00000016	2020	8	20	63.77
00000016	2020	8	21	63.85
00000016	2020	8	22	63.57
00000016	2020	8	23	63.34
00000016	2020	8	24	63.15
00000016	2020	8	25	62.96
00000016	2020	8	26	62.79
00000016	2020	8	27	62.7
00000016	2020	8	28	62.46
00000016	2020	8	29	62.25
00000016	2020	8	30	62.1
00000016	2020	8	31	61.89
00000016	2020	9	1	61.76
00000016	2020	9	2	61.77
00000016	2020	9	3	61.79
00000016	2020	9	4	61.86
00000016	2020	9	5	61.89
00000016	2020	9	6	61.89
00000016	2020	9	7	61.91
00000016	2020	9	8	62
00000016	2020	9	9	62.11
00000016	2020	9	10	62.17
00000016	2020	9	11	62.24
00000016	2020	9	12	62.27
00000016	2020	9	13	62.37
00000016	2020	9	14	62.47
00000016	2020	9	15	62.57
00000016	2020	9	16	62.63
00000016	2020	9	17	62.76
00000016	2020	9	18	62.94
00000016	2020	9	19	63.09
00000016	2020	9	20	63.23
00000016	2020	9	21	63.37
00000016	2020	9	22	63.55
00000016	2020	9	23	63.73
00000016	2020	9	24	63.89
00000016	2020	9	25	63.94
00000016	2020	9	26	63.79
00000016	2020	9	27	63.57
00000016	2020	9	28	63.46
00000016	2020	9	29	63.41
00000016	2020	9	30	63.39
00000016	2020	10	1	63.37
00000016	2020	10	2	63.41
00000016	2020	10	3	63.49
00000016	2020	10	4	63.6
00000016	2020	10	5	63.75
00000016	2020	10	6	63.91
00000016	2020	10	7	64.09
00000016	2020	10	8	64.31
00000016	2020	10	9	64.53
00000016	2020	10	10	64.33
00000016	2020	10	11	63.34
00000016	2020	10	12	63
00000016	2020	10	13	62.83
00000016	2020	10	14	62.64
00000016	2020	10	15	62.55
00000016	2020	10	16	62.57
00000016	2020	10	17	62.52
00000016	2020	10	18	62.44
00000016	2020	10	19	62.07
00000016	2020	10	20	59.57
00000016	2020	10	21	58.42
00000016	2020	10	22	59.65
00000016	2020	10	23	60.31
00000016	2020	10	24	60.64
00000016	2020	10	25	60.79
00000016	2020	10	26	61
00000016	2020	10	27	61.18
00000016	2020	10	28	60.96
00000016	2020	10	29	60.33
00000016	2020	10	30	60.33
00000016	2020	10	31	60.34
00000016	2020	11	1	60.45
00000016	2020	11	2	60.57
00000016	2020	11	3	60.65
00000016	2020	11	4	60.78
00000016	2020	11	5	60.87
00000016	2020	11	6	60.92
00000016	2020	11	7	61.01
00000016	2020	11	8	61.07
00000016	2020	11	9	61.11
00000016	2020	11	10	61.16
00000016	2020	11	11	61.07
00000016	2020	11	12	60.93
00000016	2020	11	13	60.99
00000016	2020	11	14	60.97
00000016	2020	11	15	61.04
00000016	2020	11	16	61.14
00000016	2020	11	17	61.23
00000016	2020	11	18	61.29
00000016	2020	11	19	61.32
00000016	2020	11	20	61.37
00000016	2020	11	21	61.4
00000016	2020	11	22	61.42
00000016	2020	11	23	61.46
00000016	2020	11	24	61.48
00000016	2020	11	25	60.66
00000016	2020	11	26	58.08
00000016	2020	11	27	56.3
00000016	2020	11	28	54.92
00000016	2020	11	29	53.81
00000016	2020	11	30	53.17
00000016	2020	12	1	55.08
00000016	2020	12	2	56.4
00000016	2020	12	3	56.82
00000016	2020	12	4	54.09
00000016	2020	12	5	52.58
00000016	2020	12	6	51.75
00000016	2020	12	7	51.28
00000016	2020	12	8	51.01
00000016	2020	12	9	50.75
00000016	2020	12	10	50.6
00000016	2020	12	11	50.47
00000016	2020	12	12	50.32
00000016	2020	12	13	50.13
00000016	2020	12	14	49.01
00000016	2020	12	15	48.56
00000016	2020	12	16	48.42
00000016	2020	12	17	48.49
00000016	2020	12	18	48.52
00000016	2020	12	19	48.45
00000016	2020	12	20	48.42
00000016	2020	12	21	48.55
00000016	2020	12	22	48.66
00000016	2020	12	23	48.63
00000016	2020	12	24	47.99
00000016	2020	12	25	47.56
00000016	2020	12	26	47.51
00000016	2020	12	27	47.55
00000016	2020	12	28	47.71
00000016	2020	12	29	47.8
00000016	2020	12	30	47.83
00000016	2020	12	31	47.93
00000016	2021	1	1	47.51
00000016	2021	1	2	47.24
00000016	2021	1	3	47.26
00000016	2021	1	4	47.28
00000016	2021	1	5	47.43
00000016	2021	1	6	47.58
00000016	2021	1	7	47.58
00000016	2021	1	8	47.71
00000016	2021	1	9	47.86
00000016	2021	1	10	47.94
00000016	2021	1	11	47.92
00000016	2021	1	12	47.92
00000016	2021	1	13	47.88
00000016	2021	1	14	47.81
00000016	2021	1	15	47.89
00000016	2021	1	16	48.06
00000016	2021	1	17	48.14
00000016	2021	1	18	48.3
00000016	2021	1	19	48.42
00000016	2021	1	20	48.42
00000016	2021	1	21	48.33
00000016	2021	1	22	48.34
00000016	2021	1	23	48.42
00000016	2021	1	24	48.4
00000016	2021	1	25	48.27
00000016	2021	1	26	47.54
00000016	2021	1	27	46.99
00000016	2021	1	28	46.92
00000016	2021	1	29	46.75
00000016	2021	1	30	46.71
00000016	2021	1	31	46.54
00000016	2021	2	1	46.65
00000016	2021	2	2	46.72
00000016	2021	2	3	46.82
00000016	2021	2	4	46.81
00000016	2021	2	5	46.96
00000016	2021	2	6	47.06
00000016	2021	2	7	47.13
00000016	2021	2	8	47.2
00000016	2021	2	9	47.24
00000016	2021	2	10	47.33
00000016	2021	2	11	47
00000016	2021	2	12	46.39
00000016	2021	2	13	46.18
00000016	2021	2	14	46.16
00000016	2021	2	15	45.99
00000016	2021	2	16	45.89
00000016	2021	2	17	45.77
00000016	2021	2	18	44.77
00000016	2021	2	19	44.34
00000016	2021	2	20	44.35
00000016	2021	2	21	44.37
00000016	2021	2	22	44.41
00000016	2021	2	23	44.6
00000016	2021	2	24	44.8
00000016	2021	2	25	45.03
00000016	2021	2	26	45.14
00000016	2021	2	27	45.36
00000016	2021	2	28	45.45
00000016	2021	3	1	45.53
00000016	2021	3	2	45.47
00000016	2021	3	3	44.89
00000016	2021	3	4	44.94
00000016	2021	3	5	45.15
00000016	2021	3	6	44.89
00000016	2021	3	7	44.68
00000016	2021	3	8	45.06
00000016	2021	3	9	45.41
00000016	2021	3	10	45.17
00000016	2021	3	11	45.41
00000016	2021	3	12	45.74
00000016	2021	3	13	45.43
00000016	2021	3	14	45.26
00000016	2021	3	15	45.61
00000016	2021	3	16	45.31
00000016	2021	3	17	44.42
00000016	2021	3	18	42.99
00000016	2021	3	19	42.96
00000016	2021	3	20	42.74
00000016	2021	3	21	42.44
00000016	2021	3	22	42.64
00000016	2021	3	23	42.52
00000016	2021	3	24	42.45
00000016	2021	3	25	42.29
00000016	2021	3	26	41.22
00000016	2021	3	27	41.11
00000016	2021	3	28	41.28
00000016	2021	3	29	41.57
00000016	2021	3	30	41.76
00000016	2021	3	31	41.65
00000016	2021	4	1	41.34
00000016	2021	4	2	41.39
00000016	2021	4	3	41.52
00000016	2021	4	4	41.67
00000016	2021	4	5	41.86
00000016	2021	4	6	42.14
00000016	2021	4	7	42.37
00000016	2021	4	8	42.6
00000016	2021	4	9	42.89
00000016	2021	4	10	42.12
00000016	2021	4	11	41.78
00000016	2021	4	12	42.01
00000016	2021	4	13	42.27
00000016	2021	4	14	42.47
00000016	2021	4	15	42.68
00000016	2021	4	16	42.91
00000016	2021	4	17	43.19
00000016	2021	4	18	43.48
00000016	2021	4	19	43.83
00000016	2021	4	20	44.13
00000016	2021	4	21	44.53
00000016	2021	4	22	44.81
00000016	2021	4	23	44.98
00000016	2021	4	24	44.58
00000016	2021	4	25	44.58
00000016	2021	4	26	44.74
00000016	2021	4	27	44.97
00000016	2021	4	28	45.19
00000016	2021	4	29	45.41
00000016	2021	4	30	45.7
00000016	2021	5	1	45.88
00000016	2021	5	2	46.02
00000016	2021	5	3	46.11
00000016	2021	5	4	45.96
00000016	2021	5	5	44.51
00000016	2021	5	6	44.3
00000016	2021	5	7	44.35
00000016	2021	5	8	44.45
00000016	2021	5	9	44.54
00000016	2021	5	10	44.36
00000016	2021	5	11	44.43
00000016	2021	5	12	44.53
00000016	2021	5	13	44.67
00000016	2021	5	14	44.84
00000016	2021	5	15	45.04
00000016	2021	5	16	45.26
00000016	2021	5	17	45.47
00000016	2021	5	18	45.73
00000016	2021	5	19	46.54
00000016	2021	5	20	48.88
00000016	2021	5	21	50.5
00000016	2021	5	22	51.64
00000016	2021	5	23	52.57
00000016	2021	5	24	53.39
00000016	2021	5	25	54.54
00000016	2021	5	26	55.74
00000016	2021	5	27	56.59
00000016	2021	5	28	56.88
00000016	2021	5	29	56.96
00000016	2021	5	30	57.21
00000016	2021	5	31	57.42
00000016	2021	6	1	57.98
00000016	2021	6	2	58.22
00000016	2021	6	3	58.27
00000016	2021	6	4	58.36
00000016	2021	6	5	58.47
00000016	2021	6	6	58.39
00000016	2021	6	7	56.61
00000016	2021	6	8	57.6
00000016	2021	6	9	58.26
00000016	2021	6	10	57.62
00000016	2021	6	11	57.4
00000016	2021	6	12	57.45
00000016	2021	6	13	57.6
00000016	2021	6	14	57.76
00000016	2021	6	15	58.45
00000016	2021	6	16	58.75
00000016	2021	6	17	58.81
00000016	2021	6	18	58.95
00000016	2021	6	19	59.16
00000016	2021	6	20	57.57
00000016	2021	6	21	57.12
00000016	2021	6	22	56.92
00000016	2021	6	23	56.88
00000016	2021	6	24	57
00000016	2021	6	25	57.14
00000016	2021	6	26	57.35
00000016	2021	6	27	57.59
00000016	2021	6	28	57.76
00000016	2021	6	29	57.76
00000016	2021	6	30	57.6
00000016	2021	7	1	57.67
