00000008	1982	11	15	326.2
00000008	1983	11	10	316.2
00000008	1984	5	1	322.2
00000008	1984	11	2	329.5
00000008	1985	5	7	322.35
00000008	1985	11	5	335.55
00000008	1986	4	24	323.5
00000008	1986	10	27	324.9
00000008	1987	4	8	321.6
00000008	1987	10	31	326.95
00000008	1988	4	5	326.4
00000008	1989	4	7	331
00000008	1989	10	23	330.5
00000008	1990	4	10	329
00000008	1990	10	16	334.7
00000008	1991	4	10	350.45
00000008	1991	10	21	350.1
00000008	1992	3	30	351.6
00000008	1992	10	4	349.46
00000008	1993	10	28	329.9
00000008	1994	10	20	341.3
00000008	1995	10	30	333.08
00000008	1996	10	29	336.1
00000008	1997	10	1	338.07
00000008	1997	10	22	344.7
00000008	1999	10	11	347
00000008	2000	10	10	352.95
00000008	2001	10	24	341.25
00000008	2002	10	2	346.77
00000008	2003	10	21	354.2
00000008	2006	10	5	358.5
00000008	2013	3	18	363.25
00000008	2013	11	18	364.8
00000008	2013	11	19	364.8
00000008	2013	11	20	364.81
00000008	2013	11	21	364.87
00000008	2013	11	22	364.84
00000008	2013	11	23	364.81
00000008	2013	11	24	364.9
00000008	2013	11	25	364.84
00000008	2013	11	26	364.59
00000008	2013	11	27	364.71
00000008	2013	11	28	364.88
00000008	2013	11	29	364.91
00000008	2013	11	30	364.88
00000008	2013	12	1	364.77
00000008	2013	12	2	364.63
00000008	2013	12	3	364.59
00000008	2013	12	4	364.65
00000008	2013	12	5	364.7
00000008	2013	12	6	364.7
00000008	2013	12	7	364.8
00000008	2013	12	8	364.73
00000008	2013	12	9	364.7
00000008	2013	12	10	364.75
00000008	2013	12	11	364.8
00000008	2013	12	12	364.83
00000008	2013	12	13	364.75
00000008	2013	12	14	364.57
00000008	2013	12	15	364.65
00000008	2013	12	16	364.71
00000008	2013	12	17	364.68
00000008	2013	12	18	364.71
00000008	2013	12	19	364.68
00000008	2013	12	20	364.62
00000008	2013	12	21	364.52
00000008	2013	12	22	364.47
00000008	2013	12	23	364.53
00000008	2013	12	24	364.61
00000008	2013	12	25	364.6
00000008	2013	12	26	364.6
00000008	2013	12	27	364.6
00000008	2013	12	28	364.48
00000008	2013	12	29	364.38
00000008	2013	12	30	364.44
00000008	2013	12	31	364.54
00000008	2014	1	1	364.49
00000008	2014	1	2	364.35
00000008	2014	1	3	364.52
00000008	2014	1	4	364.48
00000008	2014	1	5	364.34
00000008	2014	1	6	364.5
00000008	2014	1	7	364.6
00000008	2014	1	8	364.6
00000008	2014	1	9	364.59
00000008	2014	1	10	364.47
00000008	2014	1	11	364.35
00000008	2014	1	12	364.54
00000008	2014	1	13	364.52
00000008	2014	1	14	364.52
00000008	2014	1	15	364.61
00000008	2014	1	16	364.68
00000008	2014	1	17	364.68
00000008	2014	1	18	364.76
00000008	2014	1	19	364.73
00000008	2014	1	20	364.72
00000008	2014	1	21	364.7
00000008	2014	1	22	364.8
00000008	2014	1	23	364.95
00000008	2014	1	24	365.03
00000008	2014	1	25	364.83
00000008	2014	1	26	364.79
00000008	2014	1	27	364.82
00000008	2014	1	28	364.93
00000008	2014	1	29	365.02
00000008	2014	1	30	365.01
00000008	2014	1	31	364.99
00000008	2014	2	1	365
00000008	2014	2	2	365.01
00000008	2014	2	3	365.05
00000008	2014	2	4	365.05
00000008	2014	2	5	365.08
00000008	2014	2	6	365.2
00000008	2014	2	7	365.2
00000008	2014	2	8	365.18
00000008	2014	2	9	365.16
00000008	2014	2	10	365.14
00000008	2014	2	11	365.15
00000008	2014	2	12	365.02
00000008	2014	2	13	365.03
00000008	2014	2	14	365.06
00000008	2014	2	15	365.17
00000008	2014	2	16	365.2
00000008	2014	2	17	365.2
00000008	2014	2	18	365.2
00000008	2014	2	19	365.16
00000008	2014	2	20	365.09
00000008	2014	2	21	365.08
00000008	2014	2	22	365.11
00000008	2014	2	23	365.08
00000008	2014	2	24	365.08
00000008	2014	2	25	365.1
00000008	2014	2	26	365.05
00000008	2014	2	27	365.14
00000008	2014	2	28	365.24
00000008	2014	3	1	365.34
00000008	2014	3	2	365.37
00000008	2014	3	3	365.38
00000008	2014	3	4	365.51
00000008	2014	3	5	365.57
00000008	2014	3	6	365.6
00000008	2014	3	7	365.63
00000008	2014	3	8	365.77
00000008	2014	3	9	365.85
00000008	2014	3	10	365.82
00000008	2014	3	11	365.79
00000008	2014	3	12	365.82
00000008	2014	3	13	366.05
00000008	2014	3	14	366.08
00000008	2014	3	15	366.02
00000008	2014	3	16	365.81
00000008	2014	3	17	365.79
00000008	2014	3	18	365.89
00000008	2014	3	19	365.97
00000008	2014	3	20	365.98
00000008	2014	3	21	365.96
00000008	2014	3	22	365.9
00000008	2014	3	23	365.9
00000008	2014	3	24	365.86
00000008	2014	3	25	365.88
00000008	2014	3	26	365.96
00000008	2014	3	27	365.89
00000008	2014	3	28	365.75
00000008	2014	3	29	365.7
00000008	2014	3	30	365.77
00000008	2014	3	31	365.73
00000008	2014	4	1	365.71
00000008	2014	4	2	365.7
00000008	2014	4	3	365.62
00000008	2014	4	4	365.6
00000008	2014	4	5	365.59
00000008	2014	4	6	365.43
00000008	2014	4	7	365.32
00000008	2014	4	8	365.36
00000008	2014	4	9	365.48
00000008	2014	4	10	365.54
00000008	2014	4	11	365.52
00000008	2014	4	12	365.48
00000008	2014	4	13	365.44
00000008	2014	4	14	365.32
00000008	2014	4	15	365.32
00000008	2014	4	16	365.43
00000008	2014	4	17	365.48
00000008	2014	4	18	365.38
00000008	2014	4	19	365.35
00000008	2014	4	20	365.4
00000008	2014	4	21	365.39
00000008	2014	4	22	365.3
00000008	2014	4	23	365.36
00000008	2014	4	24	365.4
00000008	2014	4	25	365.45
00000008	2014	4	26	365.52
00000008	2014	4	27	365.54
00000008	2014	4	28	365.52
00000008	2014	4	29	365.55
00000008	2014	4	30	365.64
00000008	2014	5	1	365.72
00000008	2014	5	2	365.7
00000008	2014	5	3	365.73
00000008	2014	5	4	365.77
00000008	2014	5	5	365.71
00000008	2014	5	6	365.7
00000008	2014	5	7	365.78
00000008	2014	5	8	365.8
00000008	2014	5	9	365.74
00000008	2014	5	10	365.68
00000008	2014	5	11	365.71
00000008	2014	5	12	365.72
00000008	2014	5	13	365.68
00000008	2014	5	14	365.59
00000008	2014	5	15	365.58
00000008	2014	5	16	365.61
00000008	2014	5	17	365.6
00000008	2014	5	18	365.6
00000008	2014	5	19	365.6
00000008	2014	5	20	365.6
00000008	2014	5	21	365.58
00000008	2014	5	22	365.53
00000008	2014	5	23	365.52
00000008	2014	5	24	365.51
00000008	2014	5	25	365.5
00000008	2014	5	26	365.52
00000008	2014	5	27	365.46
00000008	2014	5	28	365.41
00000008	2014	5	29	365.41
00000008	2014	5	30	365.39
00000008	2014	5	31	365.4
00000008	2014	6	1	365.4
00000008	2014	6	2	365.4
00000008	2014	6	3	365.32
00000008	2014	6	4	365.3
00000008	2014	6	5	365.24
00000008	2014	6	6	365.25
00000008	2014	6	7	365.22
00000008	2014	6	8	365.23
00000008	2014	6	9	365.2
00000008	2014	6	10	365.2
00000008	2014	6	11	365.16
00000008	2014	6	12	365.15
00000008	2014	6	13	365.17
00000008	2014	6	14	365.2
00000008	2014	6	15	365.25
00000008	2014	6	16	365.29
00000008	2014	6	17	365.29
00000008	2014	6	18	365.28
00000008	2014	6	19	365.28
00000008	2014	6	20	365.23
00000008	2014	6	21	365.22
00000008	2014	6	22	365.22
00000008	2014	6	23	365.24
00000008	2014	6	24	365.29
00000008	2014	6	25	365.3
00000008	2014	6	26	365.31
00000008	2014	6	27	365.32
00000008	2014	6	28	365.32
00000008	2014	6	29	365.32
00000008	2014	6	30	365.28
00000008	2014	7	1	365.26
00000008	2014	7	2	365.28
00000008	2014	7	3	365.3
00000008	2014	7	4	365.38
00000008	2014	7	5	365.4
00000008	2014	7	6	365.38
00000008	2014	7	7	365.38
00000008	2014	7	8	365.42
00000008	2014	7	9	365.36
00000008	2014	7	10	365.34
00000008	2014	7	11	365.36
00000008	2014	7	12	365.41
00000008	2014	7	13	365.41
00000008	2014	7	14	365.38
00000008	2014	7	15	365.33
00000008	2014	7	16	365.37
00000008	2014	7	17	365.4
00000008	2014	7	18	365.44
00000008	2014	7	19	365.4
00000008	2014	7	20	365.38
00000008	2014	7	21	365.37
00000008	2014	7	22	365.39
00000008	2014	7	23	365.38
00000008	2014	7	24	365.35
00000008	2014	7	25	365.35
00000008	2014	7	26	365.37
00000008	2014	7	27	365.38
00000008	2014	7	28	365.34
00000008	2014	7	29	365.39
00000008	2014	7	30	365.4
00000008	2014	7	31	365.4
00000008	2014	8	1	365.4
00000008	2014	8	2	365.4
00000008	2014	8	3	365.4
00000008	2014	8	4	365.42
00000008	2014	8	5	365.44
00000008	2014	8	6	365.42
00000008	2014	8	7	365.42
00000008	2014	8	8	365.43
00000008	2014	8	9	365.43
00000008	2014	8	10	365.38
00000008	2014	8	11	365.38
00000008	2014	8	12	365.36
00000008	2014	8	13	365.4
00000008	2014	8	14	365.4
00000008	2014	8	15	365.4
00000008	2014	8	16	365.4
00000008	2014	8	17	365.43
00000008	2014	8	18	365.42
00000008	2014	8	19	365.4
00000008	2014	8	20	365.43
00000008	2014	8	21	365.46
00000008	2014	8	22	365.43
00000008	2014	8	23	365.42
00000008	2014	8	24	365.4
00000008	2014	8	25	365.43
00000008	2014	8	26	365.47
00000008	2014	8	27	365.47
00000008	2014	8	28	365.47
00000008	2014	8	29	365.5
00000008	2014	8	30	365.5
00000008	2014	8	31	365.53
00000008	2014	9	1	365.52
00000008	2014	9	2	365.52
00000008	2014	9	3	365.52
00000008	2014	9	4	365.52
00000008	2014	9	5	365.47
00000008	2014	9	6	365.42
00000008	2014	9	7	365.43
00000008	2014	9	8	365.45
00000008	2014	9	9	365.49
00000008	2014	9	10	365.48
00000008	2014	9	11	365.5
00000008	2014	9	12	365.5
00000008	2014	9	13	365.5
00000008	2014	9	14	365.56
00000008	2014	9	15	365.56
00000008	2014	9	16	365.52
00000008	2014	9	17	365.48
00000008	2014	9	18	365.5
00000008	2014	9	19	365.53
00000008	2014	9	20	365.55
00000008	2014	9	21	365.55
00000008	2014	9	22	365.57
00000008	2014	9	23	365.63
00000008	2014	9	24	365.66
00000008	2014	9	25	365.68
00000008	2014	9	26	365.62
00000008	2014	9	27	365.63
00000008	2014	9	28	365.61
00000008	2014	9	29	365.58
00000008	2014	9	30	365.58
00000008	2014	10	1	365.6
00000008	2014	10	2	365.63
00000008	2014	10	3	365.6
00000008	2014	10	4	365.64
00000008	2014	10	5	365.66
00000008	2014	10	6	365.67
00000008	2014	10	7	365.71
00000008	2014	10	8	365.73
00000008	2014	10	9	365.73
00000008	2014	10	10	365.71
00000008	2014	10	11	365.72
00000008	2014	10	12	365.76
00000008	2014	10	13	365.73
00000008	2014	10	14	365.59
00000008	2014	10	15	365.61
00000008	2014	10	16	365.65
00000008	2014	10	17	365.68
00000008	2014	10	18	365.68
00000008	2014	10	19	365.76
00000008	2014	10	20	365.74
00000008	2014	10	21	365.73
00000008	2014	10	22	365.77
00000008	2014	10	23	365.79
00000008	2014	10	24	365.78
00000008	2014	10	25	365.8
00000008	2014	10	26	365.8
00000008	2014	10	27	365.82
00000008	2014	10	28	365.9
00000008	2014	10	29	365.9
00000008	2014	10	30	365.92
00000008	2014	10	31	365.94
00000008	2014	11	1	366.09
00000008	2014	11	2	366.18
00000008	2014	11	3	366.22
00000008	2014	11	4	366.18
00000008	2014	11	5	366.15
00000008	2014	11	6	366.09
00000008	2014	11	7	366.09
00000008	2014	11	8	366.05
00000008	2014	11	9	366.05
00000008	2014	11	10	366.07
00000008	2014	11	11	366.07
00000008	2014	11	12	366.1
00000008	2014	11	13	366.13
00000008	2014	11	14	366.2
00000008	2014	11	15	366.2
00000008	2014	11	16	366.12
00000008	2014	11	17	365.99
00000008	2014	11	18	366.16
00000008	2014	11	19	366.17
00000008	2014	11	20	366.1
00000008	2014	11	21	366.13
00000008	2014	11	22	366.07
00000008	2014	11	23	365.82
00000008	2014	11	24	365.82
00000008	2014	11	25	365.93
00000008	2014	11	26	366
00000008	2014	11	27	366.08
00000008	2014	11	28	366.09
00000008	2014	11	29	366.02
00000008	2014	11	30	366.07
00000008	2014	12	1	366.1
00000008	2014	12	2	366.08
00000008	2014	12	3	366.06
00000008	2014	12	4	366.08
00000008	2014	12	5	366.11
00000008	2014	12	6	366.09
00000008	2014	12	7	366.12
00000008	2014	12	8	366.13
00000008	2014	12	9	366.11
00000008	2014	12	10	366.13
00000008	2014	12	11	366.19
00000008	2014	12	12	366.2
00000008	2014	12	13	366.2
00000008	2014	12	14	366.18
00000008	2014	12	15	366.15
00000008	2014	12	16	366.17
00000008	2014	12	17	366.25
00000008	2014	12	18	366.23
00000008	2014	12	19	366.25
00000008	2014	12	20	366.24
00000008	2014	12	21	366.23
00000008	2014	12	22	366.16
00000008	2014	12	23	366.08
00000008	2014	12	24	366
00000008	2014	12	25	366.26
00000008	2014	12	26	366.3
00000008	2014	12	27	366.28
00000008	2014	12	28	366.13
00000008	2014	12	29	366.16
00000008	2014	12	30	366.29
00000008	2014	12	31	366.34
00000008	2015	1	1	366.31
00000008	2015	1	2	366.3
00000008	2015	1	3	366.22
00000008	2015	1	4	366.24
00000008	2015	1	5	366.4
00000008	2015	1	6	366.35
00000008	2015	1	7	366.36
00000008	2015	1	8	366.45
00000008	2015	1	9	366.4
00000008	2015	1	10	366.47
00000008	2015	1	11	366.42
00000008	2015	1	12	366.39
00000008	2015	1	13	366.43
00000008	2015	1	14	366.5
00000008	2015	1	15	366.49
00000008	2015	1	16	366.52
00000008	2015	1	17	366.52
00000008	2015	1	18	366.52
00000008	2015	1	19	366.54
00000008	2015	1	20	366.5
00000008	2015	1	21	366.56
00000008	2015	1	22	366.62
00000008	2015	1	23	366.42
00000008	2015	1	24	366.47
00000008	2015	1	25	366.44
00000008	2015	1	26	366.47
00000008	2015	1	27	366.52
00000008	2015	1	28	366.62
00000008	2015	1	29	366.62
00000008	2015	1	30	366.66
00000008	2015	1	31	366.68
00000008	2015	2	1	366.51
00000008	2015	2	2	366.52
00000008	2015	2	3	366.64
00000008	2015	2	4	366.57
00000008	2015	2	5	366.58
00000008	2015	2	6	366.68
00000008	2015	2	7	366.61
00000008	2015	2	8	366.52
00000008	2015	2	9	366.41
00000008	2015	2	10	366.48
00000008	2015	2	11	366.5
00000008	2015	2	12	366.58
00000008	2015	2	13	366.67
00000008	2015	2	14	366.59
00000008	2015	2	15	366.64
00000008	2015	2	16	366.48
00000008	2015	2	17	366.49
00000008	2015	2	18	366.58
00000008	2015	2	19	366.7
00000008	2015	2	20	366.7
00000008	2015	2	21	366.61
00000008	2015	2	22	366.6
00000008	2015	2	23	366.65
00000008	2015	2	24	366.58
00000008	2015	2	25	366.41
00000008	2015	2	26	366.49
00000008	2015	2	27	366.68
00000008	2015	2	28	366.74
00000008	2015	3	1	366.7
00000008	2015	3	2	366.64
00000008	2015	3	3	366.58
00000008	2015	3	4	366.52
00000008	2015	3	5	366.55
00000008	2015	3	6	366.7
00000008	2015	3	7	366.7
00000008	2015	3	8	366.64
00000008	2015	3	9	366.59
00000008	2015	3	10	366.55
00000008	2015	3	11	366.6
00000008	2015	3	12	366.6
00000008	2015	3	13	366.59
00000008	2015	3	14	366.52
00000008	2015	3	15	366.6
00000008	2015	3	16	366.58
00000008	2015	3	17	366.53
00000008	2015	3	18	366.52
00000008	2015	3	19	366.52
00000008	2015	3	20	366.55
00000008	2015	3	21	366.57
00000008	2015	3	22	366.48
00000008	2015	3	23	366.5
00000008	2015	3	24	366.59
00000008	2015	3	25	366.58
00000008	2015	3	26	366.46
00000008	2015	3	27	366.49
00000008	2015	3	28	366.63
00000008	2015	3	29	366.69
00000008	2015	3	30	366.6
00000008	2015	3	31	366.53
00000008	2015	4	1	366.56
00000008	2015	4	2	366.6
00000008	2015	4	3	366.57
00000008	2015	4	4	366.63
00000008	2015	4	5	366.63
00000008	2015	4	6	366.62
00000008	2015	4	7	366.6
00000008	2015	4	8	366.58
00000008	2015	4	9	366.58
00000008	2015	4	10	366.57
00000008	2015	4	11	366.57
00000008	2015	4	12	366.58
00000008	2015	4	13	366.52
00000008	2015	4	14	366.52
00000008	2015	4	15	366.5
00000008	2015	4	16	366.55
00000008	2015	4	17	366.46
00000008	2015	4	18	366.42
00000008	2015	4	19	366.34
00000008	2015	4	20	366.36
00000008	2015	4	21	366.46
00000008	2015	4	22	366.48
00000008	2015	4	23	366.48
00000008	2015	4	24	366.49
00000008	2015	4	25	366.36
00000008	2015	4	26	366.37
00000008	2015	4	27	366.42
00000008	2015	4	28	366.4
00000008	2015	4	29	366.4
00000008	2015	4	30	366.44
00000008	2015	5	1	366.53
00000008	2015	5	2	366.59
00000008	2015	5	3	366.63
00000008	2015	5	4	366.68
00000008	2015	5	5	366.69
00000008	2015	5	6	366.66
00000008	2015	5	7	366.63
00000008	2015	5	8	366.6
00000008	2015	5	9	366.6
00000008	2015	5	10	366.58
00000008	2015	5	11	366.52
00000008	2015	5	12	366.52
00000008	2015	5	13	366.49
00000008	2015	5	14	366.43
00000008	2015	5	15	366.39
00000008	2015	5	16	366.33
00000008	2015	5	17	366.28
00000008	2015	5	18	366.23
00000008	2015	5	19	366.13
00000008	2015	5	20	366
00000008	2015	5	21	366
00000008	2015	5	22	366
00000008	2015	5	23	366
00000008	2015	5	24	366
00000008	2015	5	25	365.98
00000008	2015	5	26	365.98
00000008	2015	5	27	366
00000008	2015	5	28	366
00000008	2015	5	29	365.98
00000008	2015	5	30	366
00000008	2015	5	31	366.02
00000008	2015	6	1	366.02
00000008	2015	6	2	366.02
00000008	2015	6	3	366.02
00000008	2015	6	4	366.1
00000008	2015	6	5	366.13
00000008	2015	6	6	366.2
00000008	2015	6	7	366.24
00000008	2015	6	8	366.3
00000008	2015	6	9	366.3
00000008	2015	6	10	366.34
00000008	2015	6	11	366.43
00000008	2015	6	12	366.54
00000008	2015	6	13	366.58
00000008	2015	6	14	366.64
00000008	2015	6	15	366.68
00000008	2015	6	16	366.75
00000008	2015	6	17	366.8
00000008	2015	6	18	366.83
00000008	2015	6	19	366.9
00000008	2015	6	20	366.93
00000008	2015	6	21	367
00000008	2015	6	22	367.09
00000008	2015	6	23	367.14
00000008	2015	6	24	367.2
00000008	2015	6	25	367.21
00000008	2015	6	26	367.24
00000008	2015	6	27	367.27
00000008	2015	6	28	367.29
00000008	2015	6	29	367.38
00000008	2015	6	30	367.47
00000008	2015	7	1	367.54
00000008	2015	7	2	367.61
00000008	2015	7	3	367.68
00000008	2015	7	4	367.75
00000008	2015	7	5	367.8
00000008	2015	7	6	367.87
00000008	2015	7	7	367.9
00000008	2015	7	8	367.9
00000008	2015	7	9	367.87
00000008	2015	7	10	367.83
00000008	2015	7	11	367.8
00000008	2015	7	12	367.69
00000008	2015	7	13	367.58
00000008	2015	7	14	367.52
00000008	2015	7	15	367.48
00000008	2015	7	16	367.43
00000008	2015	7	17	367.41
00000008	2015	7	18	367.4
00000008	2015	7	19	367.4
00000008	2015	7	20	367.4
00000008	2015	7	21	367.42
00000008	2015	7	22	367.51
00000008	2015	7	23	367.6
00000008	2015	7	24	367.6
00000008	2015	7	25	367.68
00000008	2015	7	26	367.77
00000008	2015	7	27	367.86
00000008	2015	7	28	367.95
00000008	2015	7	29	368.02
00000008	2015	7	30	368.05
00000008	2015	7	31	368.11
00000008	2015	8	1	368.12
00000008	2015	8	2	368.13
00000008	2015	8	3	368.19
00000008	2015	8	4	368.2
00000008	2015	8	5	368.24
00000008	2015	8	6	368.19
00000008	2015	8	7	368.13
00000008	2015	8	8	368.16
00000008	2015	8	9	368.17
00000008	2015	8	10	368.16
00000008	2015	8	11	368.15
00000008	2015	8	12	368.13
00000008	2015	8	13	368.13
00000008	2015	8	14	368.15
00000008	2015	8	15	368.17
00000008	2015	8	16	368.15
00000008	2015	8	17	368.12
00000008	2015	8	18	368.06
00000008	2015	8	19	368
00000008	2015	8	20	368
00000008	2015	8	21	368
00000008	2015	8	22	368
00000008	2015	8	23	367.98
00000008	2015	8	24	367.94
00000008	2015	8	25	367.94
00000008	2015	8	26	367.95
00000008	2015	8	27	367.95
00000008	2015	8	28	367.99
00000008	2015	8	29	368.07
00000008	2015	8	30	368.06
00000008	2015	8	31	368.1
00000008	2015	9	1	368.14
00000008	2015	9	2	368.18
00000008	2015	9	3	368.2
00000008	2015	9	4	368.2
00000008	2015	9	5	368.26
00000008	2015	9	6	368.3
00000008	2015	9	7	368.28
00000008	2015	9	8	368.27
00000008	2015	9	9	368.25
00000008	2015	9	10	368.24
00000008	2015	9	11	368.23
00000008	2015	9	12	368.17
00000008	2015	9	13	368.24
00000008	2015	9	14	368.3
00000008	2015	9	15	368.32
00000008	2015	9	16	368.31
00000008	2015	9	17	368.24
00000008	2015	9	18	368.15
00000008	2015	9	19	368.1
00000008	2015	9	20	368.13
00000008	2015	9	21	368.12
00000008	2015	9	22	368.1
00000008	2015	9	23	368.11
00000008	2015	9	24	368.08
00000008	2015	9	25	368.02
00000008	2015	9	26	368.02
00000008	2015	9	27	367.99
00000008	2015	9	28	367.87
00000008	2015	9	29	367.75
00000008	2015	9	30	367.71
00000008	2015	10	1	367.7
00000008	2015	10	2	367.62
00000008	2015	10	3	367.57
00000008	2015	10	4	367.58
00000008	2015	10	5	367.6
00000008	2015	10	6	367.63
00000008	2015	10	7	367.62
00000008	2015	10	8	367.61
00000008	2015	10	9	367.58
00000008	2015	10	10	367.52
00000008	2015	10	11	367.48
00000008	2015	10	12	367.43
00000008	2015	10	13	367.41
00000008	2015	10	14	367.45
00000008	2015	10	15	367.5
00000008	2015	10	16	367.5
00000008	2015	10	17	367.5
00000008	2015	10	18	367.5
00000008	2015	10	19	367.55
00000008	2015	10	20	367.5
00000008	2015	10	21	367.47
00000008	2015	10	22	367.42
00000008	2015	10	23	367.37
00000008	2015	10	24	367.32
00000008	2015	10	25	367.28
00000008	2015	10	26	367.21
00000008	2015	10	27	367.13
00000008	2015	10	28	367.09
00000008	2015	10	29	367.11
00000008	2015	10	30	367.18
00000008	2015	10	31	367.11
00000008	2015	11	1	367
00000008	2015	11	2	366.89
00000008	2015	11	3	366.9
00000008	2015	11	4	366.98
00000008	2015	11	5	366.97
00000008	2015	11	6	366.92
00000008	2015	11	7	366.9
00000008	2015	11	8	366.84
00000008	2015	11	9	366.72
00000008	2015	11	10	366.72
00000008	2015	11	11	366.69
00000008	2015	11	12	366.68
00000008	2015	11	13	366.72
00000008	2015	11	14	366.8
00000008	2015	11	15	366.78
00000008	2015	11	16	366.72
00000008	2015	11	17	366.62
00000008	2015	11	18	366.52
00000008	2015	11	19	366.57
00000008	2015	11	20	366.57
00000008	2015	11	21	366.5
00000008	2015	11	22	366.54
00000008	2015	11	23	366.63
00000008	2015	11	24	366.64
00000008	2015	11	25	366.67
00000008	2015	11	26	366.7
00000008	2015	11	27	366.63
00000008	2015	11	28	366.58
00000008	2015	11	29	366.52
00000008	2015	11	30	366.5
00000008	2015	12	1	366.45
00000008	2015	12	2	366.42
00000008	2015	12	3	366.56
00000008	2015	12	4	366.63
00000008	2015	12	5	366.68
00000008	2015	12	6	366.62
00000008	2015	12	7	366.52
00000008	2015	12	8	366.48
00000008	2015	12	9	366.45
00000008	2015	12	10	366.43
00000008	2015	12	11	366.47
00000008	2015	12	12	366.52
00000008	2015	12	13	366.46
00000008	2015	12	14	366.33
00000008	2015	12	15	366.4
00000008	2015	12	16	366.38
00000008	2015	12	17	366.3
00000008	2015	12	18	366.49
00000008	2015	12	19	366.64
00000008	2015	12	20	366.61
00000008	2015	12	21	366.45
00000008	2015	12	22	366.27
00000008	2015	12	23	366.18
00000008	2015	12	24	366.27
00000008	2015	12	25	366.34
00000008	2015	12	26	366.35
00000008	2015	12	27	366.27
00000008	2015	12	28	366.17
00000008	2015	12	29	366.27
00000008	2015	12	30	366.25
00000008	2015	12	31	366.25
00000008	2016	1	1	366.3
00000008	2016	1	2	366.3
00000008	2016	1	3	366.21
00000008	2016	1	4	366.24
00000008	2016	1	5	366.35
00000008	2016	1	6	366.3
00000008	2016	1	7	366.15
00000008	2016	1	8	366.1
00000008	2016	1	9	366.02
00000008	2016	1	10	366.1
00000008	2016	1	11	366.2
00000008	2016	1	12	366.2
00000008	2016	1	13	366.2
00000008	2016	1	14	366.13
00000008	2016	1	15	365.92
00000008	2016	1	16	365.97
00000008	2016	1	17	366.02
00000008	2016	1	18	366.19
00000008	2016	1	19	366.25
00000008	2016	1	20	366.16
00000008	2016	1	21	366.04
00000008	2016	1	22	365.82
00000008	2016	1	23	366
00000008	2016	1	24	366.1
00000008	2016	1	25	366.11
00000008	2016	1	26	366.08
00000008	2016	1	27	366.06
00000008	2016	1	28	366.01
00000008	2016	1	29	366.08
00000008	2016	1	30	366.1
00000008	2016	1	31	366.1
00000008	2016	2	1	366.1
00000008	2016	2	2	366.09
00000008	2016	2	3	366.03
00000008	2016	2	4	366.18
00000008	2016	2	5	366.3
00000008	2016	2	6	366.27
00000008	2016	2	7	366.18
00000008	2016	2	8	366.09
00000008	2016	2	9	366.12
00000008	2016	2	10	366.26
00000008	2016	2	11	366.23
00000008	2016	2	12	366.25
00000008	2016	2	13	366.38
00000008	2016	2	14	366.32
00000008	2016	2	15	366.13
00000008	2016	2	16	366.12
00000008	2016	2	17	366.29
00000008	2016	2	18	366.38
00000008	2016	2	19	366.38
00000008	2016	2	20	366.32
00000008	2016	2	21	366.27
00000008	2016	2	22	366.19
00000008	2016	2	23	366.08
00000008	2016	2	24	366.07
00000008	2016	2	25	366.27
00000008	2016	2	26	366.38
00000008	2016	2	27	366.38
00000008	2016	2	28	366.34
00000008	2016	2	29	366.3
00000008	2016	3	1	366.26
00000008	2016	3	2	366.29
00000008	2016	3	3	366.21
00000008	2016	3	4	366.26
00000008	2016	3	5	366.29
00000008	2016	3	6	366.33
00000008	2016	3	7	366.33
00000008	2016	3	8	366.32
00000008	2016	3	9	366.3
00000008	2016	3	10	366.31
00000008	2016	3	11	366.31
00000008	2016	3	12	366.27
00000008	2016	3	13	366.2
00000008	2016	3	14	366.2
00000008	2016	3	15	366.2
00000008	2016	3	16	366.26
00000008	2016	3	17	366.25
00000008	2016	3	18	366.22
00000008	2016	3	19	366.17
00000008	2016	3	20	366.27
00000008	2016	3	21	366.39
00000008	2016	3	22	366.38
00000008	2016	3	23	366.32
00000008	2016	3	24	366.22
00000008	2016	3	25	366.18
00000008	2016	3	26	366.27
00000008	2016	3	27	366.26
00000008	2016	3	28	366.27
00000008	2016	3	29	366.3
00000008	2016	3	30	366.29
00000008	2016	3	31	366.19
00000008	2016	4	1	366.1
00000008	2016	4	2	366.19
00000008	2016	4	3	366.29
00000008	2016	4	4	366.28
00000008	2016	4	5	366.32
00000008	2016	4	6	366.25
00000008	2016	4	7	366.15
00000008	2016	4	8	366.19
00000008	2016	4	9	366.27
00000008	2016	4	10	366.3
00000008	2016	4	11	366.25
00000008	2016	4	12	366.18
00000008	2016	4	13	366.17
00000008	2016	4	14	366.1
00000008	2016	4	15	366.1
00000008	2016	4	16	366.15
00000008	2016	4	17	366.2
00000008	2016	4	18	366.18
00000008	2016	4	19	366.12
00000008	2016	4	20	366.07
00000008	2016	4	21	366.02
00000008	2016	4	22	365.97
00000008	2016	4	23	365.97
00000008	2016	4	24	365.98
00000008	2016	4	25	365.97
00000008	2016	4	26	365.93
00000008	2016	4	27	365.88
00000008	2016	4	28	365.9
00000008	2016	4	29	365.9
00000008	2016	4	30	365.9
00000008	2016	5	1	365.9
00000008	2016	5	2	365.88
00000008	2016	5	3	365.82
00000008	2016	5	4	365.78
00000008	2016	5	5	365.82
00000008	2016	5	6	365.86
00000008	2016	5	7	365.91
00000008	2016	5	8	365.91
00000008	2016	5	9	365.92
00000008	2016	5	10	365.95
00000008	2016	5	11	365.99
00000008	2016	5	12	365.95
00000008	2016	5	13	365.9
00000008	2016	5	14	365.9
00000008	2016	5	15	365.97
00000008	2016	5	16	365.93
00000008	2016	5	17	365.89
00000008	2016	5	18	365.88
00000008	2016	5	19	365.9
00000008	2016	5	20	365.89
00000008	2016	5	21	365.88
00000008	2016	5	22	365.88
00000008	2016	5	23	365.9
00000008	2016	5	24	365.96
00000008	2016	5	25	366
00000008	2016	5	26	365.99
00000008	2016	5	27	365.98
00000008	2016	5	28	366
00000008	2016	5	29	366
00000008	2016	5	30	366
00000008	2016	5	31	365.99
00000008	2016	6	1	366.04
00000008	2016	6	2	366.1
00000008	2016	6	3	366.12
00000008	2016	6	4	366.11
00000008	2016	6	5	366.1
00000008	2016	6	6	366.08
00000008	2016	6	7	366.1
00000008	2016	6	8	366.2
00000008	2016	6	9	366.27
00000008	2016	6	10	366.3
00000008	2016	6	11	366.38
00000008	2016	6	12	366.38
00000008	2016	6	13	366.34
00000008	2016	6	14	366.38
00000008	2016	6	15	366.42
00000008	2016	6	16	366.42
00000008	2016	6	17	366.42
00000008	2016	6	18	366.5
00000008	2016	6	19	366.62
00000008	2016	6	20	366.63
00000008	2016	6	21	366.58
00000008	2016	6	22	366.6
00000008	2016	6	23	366.59
00000008	2016	6	24	366.6
00000008	2016	6	25	366.6
00000008	2016	6	26	366.64
00000008	2016	6	27	366.65
00000008	2016	6	28	366.65
00000008	2016	6	29	366.68
00000008	2016	6	30	366.7
00000008	2016	7	1	366.74
00000008	2016	7	2	366.77
00000008	2016	7	3	366.82
00000008	2016	7	4	366.84
00000008	2016	7	5	366.86
00000008	2016	7	6	366.88
00000008	2016	7	7	366.9
00000008	2016	7	8	366.9
00000008	2016	7	9	366.9
00000008	2016	7	10	366.9
00000008	2016	7	11	366.91
00000008	2016	7	12	366.91
00000008	2016	7	13	366.9
00000008	2016	7	14	366.85
00000008	2016	7	15	366.82
00000008	2016	7	16	366.84
00000008	2016	7	17	366.88
00000008	2016	7	18	366.85
00000008	2016	7	19	366.77
00000008	2016	7	20	366.69
00000008	2016	7	21	366.64
00000008	2016	7	22	366.57
00000008	2016	7	23	366.5
00000008	2016	7	24	366.48
00000008	2016	7	25	366.43
00000008	2016	7	26	366.4
00000008	2016	7	27	366.34
00000008	2016	7	28	366.31
00000008	2016	7	29	366.28
00000008	2016	7	30	366.26
00000008	2016	7	31	366.3
00000008	2016	8	1	366.31
00000008	2016	8	2	366.27
00000008	2016	8	3	366.22
00000008	2016	8	4	366.2
00000008	2016	8	5	366.2
00000008	2016	8	6	366.19
00000008	2016	8	7	366.17
00000008	2016	8	8	366.14
00000008	2016	8	9	366.1
00000008	2016	8	10	366.17
00000008	2016	8	11	366.16
00000008	2016	8	12	366.12
00000008	2016	8	13	366.13
00000008	2016	8	14	366.16
00000008	2016	8	15	366.18
00000008	2016	8	16	366.19
00000008	2016	8	17	366.2
00000008	2016	8	18	366.18
00000008	2016	8	19	366.13
00000008	2016	8	20	366.1
00000008	2016	8	21	366.1
00000008	2016	8	22	366.19
00000008	2016	8	23	366.2
00000008	2016	8	24	366.23
00000008	2016	8	25	366.23
00000008	2016	8	26	366.22
00000008	2016	8	27	366.22
00000008	2016	8	28	366.26
00000008	2016	8	29	366.26
00000008	2016	8	30	366.24
00000008	2016	8	31	366.22
00000008	2016	9	1	366.22
00000008	2016	9	2	366.25
00000008	2016	9	3	366.34
00000008	2016	9	4	366.4
00000008	2016	9	5	366.45
00000008	2016	9	6	366.5
00000008	2016	9	7	366.5
00000008	2016	9	8	366.47
00000008	2016	9	9	366.48
00000008	2016	9	10	366.5
00000008	2016	9	11	366.5
00000008	2016	9	12	366.5
00000008	2016	9	13	366.52
00000008	2016	9	14	366.52
00000008	2016	9	15	366.52
00000008	2016	9	16	366.54
00000008	2016	9	17	366.53
00000008	2016	9	18	366.48
00000008	2016	9	19	366.49
00000008	2016	9	20	366.5
00000008	2016	9	21	366.5
00000008	2016	9	22	366.53
00000008	2016	9	23	366.53
00000008	2016	9	24	366.57
00000008	2016	9	25	366.58
00000008	2016	9	26	366.58
00000008	2016	9	27	366.54
00000008	2016	9	28	366.56
00000008	2016	9	29	366.62
00000008	2016	9	30	366.63
00000008	2016	10	1	366.65
00000008	2016	10	2	366.64
00000008	2016	10	3	366.6
00000008	2016	10	4	366.62
00000008	2016	10	5	366.69
00000008	2016	10	6	366.7
00000008	2016	10	7	366.64
00000008	2016	10	8	366.63
00000008	2016	10	9	366.77
00000008	2016	10	10	366.84
00000008	2016	10	11	366.85
00000008	2016	10	12	366.85
00000008	2016	10	13	366.84
00000008	2016	10	14	366.87
00000008	2016	10	15	366.89
00000008	2016	10	16	366.88
00000008	2016	10	17	366.83
00000008	2016	10	18	366.85
00000008	2016	10	19	366.88
00000008	2016	10	20	366.84
00000008	2016	10	21	366.86
00000008	2016	10	22	366.92
00000008	2016	10	23	367
00000008	2016	10	24	367.02
00000008	2016	10	25	367
00000008	2016	10	26	367.04
00000008	2016	10	27	367.04
00000008	2016	10	28	367.04
00000008	2016	10	29	367.04
00000008	2016	10	30	367.02
00000008	2016	10	31	367
00000008	2016	11	1	367.06
00000008	2016	11	2	367.1
00000008	2016	11	3	367.11
00000008	2016	11	4	367.1
00000008	2016	11	5	367.2
00000008	2016	11	6	367.2
00000008	2016	11	7	367.23
00000008	2016	11	8	367.23
00000008	2016	11	9	367.22
00000008	2016	11	10	367.27
00000008	2016	11	11	367.26
00000008	2016	11	12	367.27
00000008	2016	11	13	367.32
00000008	2016	11	14	367.3
00000008	2016	11	15	367.29
00000008	2016	11	16	367.32
00000008	2016	11	17	367.4
00000008	2016	11	18	367.42
00000008	2016	11	19	367.5
00000008	2016	11	20	367.53
00000008	2016	11	21	367.5
00000008	2016	11	22	367.52
00000008	2016	11	23	367.51
00000008	2016	11	24	367.52
00000008	2016	11	25	367.55
00000008	2016	11	26	367.58
00000008	2016	11	27	367.54
00000008	2016	11	28	367.38
00000008	2016	11	29	367.31
00000008	2016	11	30	367.32
00000008	2016	12	1	367.41
00000008	2016	12	2	367.5
00000008	2016	12	3	367.46
00000008	2016	12	4	367.34
00000008	2016	12	5	367.23
00000008	2016	12	6	367.14
00000008	2016	12	7	367.3
00000008	2016	12	8	367.39
00000008	2016	12	9	367.47
00000008	2016	12	10	367.46
00000008	2016	12	11	367.33
00000008	2016	12	12	367.23
00000008	2016	12	13	367.18
00000008	2016	12	14	367.21
00000008	2016	12	15	367.28
00000008	2016	12	16	367.25
00000008	2016	12	17	367.15
00000008	2016	12	18	367.24
00000008	2016	12	19	367.3
00000008	2016	12	20	367.3
00000008	2016	12	21	367.24
00000008	2016	12	22	367.22
00000008	2016	12	23	367.26
00000008	2016	12	24	367.23
00000008	2016	12	25	367.25
00000008	2016	12	26	367.27
00000008	2016	12	27	367.22
00000008	2016	12	28	367.14
00000008	2016	12	29	367.14
00000008	2016	12	30	367.22
00000008	2016	12	31	367.15
00000008	2017	1	1	366.99
00000008	2017	1	2	366.84
00000008	2017	1	3	366.71
00000008	2017	1	4	366.77
00000008	2017	1	5	366.74
00000008	2017	1	6	366.72
00000008	2017	1	7	366.9
00000008	2017	1	8	367.05
00000008	2017	1	9	366.99
00000008	2017	1	10	366.87
00000008	2017	1	11	366.82
00000008	2017	1	12	366.84
00000008	2017	1	13	366.9
00000008	2017	1	14	366.88
00000008	2017	1	15	366.82
00000008	2017	1	16	366.79
00000008	2017	1	17	366.74
00000008	2017	1	18	366.7
00000008	2017	1	19	366.62
00000008	2017	1	20	366.54
00000008	2017	1	21	366.43
00000008	2017	1	22	366.24
00000008	2017	1	23	366.33
00000008	2017	1	24	365.41
00000008	2017	1	25	364.68
00000008	2017	1	26	364.69
00000008	2017	1	27	364.77
00000008	2017	1	28	364.75
00000008	2017	1	29	364.69
00000008	2017	1	30	364.73
00000008	2017	1	31	364.72
00000008	2017	2	1	364.7
00000008	2017	2	2	364.71
00000008	2017	2	3	364.77
00000008	2017	2	4	364.79
00000008	2017	2	5	364.7
00000008	2017	2	6	364.64
00000008	2017	2	7	364.46
00000008	2017	2	8	364.35
00000008	2017	2	9	364.51
00000008	2017	2	10	364.55
00000008	2017	2	11	364.44
00000008	2017	2	12	364.37
00000008	2017	2	13	364.33
00000008	2017	2	14	364.17
00000008	2017	2	15	364.06
00000008	2017	2	16	364.12
00000008	2017	2	17	364.08
00000008	2017	2	18	364.01
00000008	2017	2	19	364
00000008	2017	2	20	364
00000008	2017	2	21	363.84
00000008	2017	2	22	363.7
00000008	2017	2	23	363.68
00000008	2017	2	24	363.65
00000008	2017	2	25	363.71
00000008	2017	2	26	363.84
00000008	2017	2	27	363.86
00000008	2017	2	28	363.84
00000008	2017	3	1	363.77
00000008	2017	3	2	363.88
00000008	2017	3	3	364
00000008	2017	3	4	364.03
00000008	2017	3	5	364
00000008	2017	3	6	363.98
00000008	2017	3	7	363.92
00000008	2017	3	8	363.95
00000008	2017	3	9	363.93
00000008	2017	3	10	363.88
00000008	2017	3	11	363.92
00000008	2017	3	12	363.91
00000008	2017	3	13	363.86
00000008	2017	3	14	363.86
00000008	2017	3	15	364
00000008	2017	3	16	364.01
00000008	2017	3	17	364
00000008	2017	3	18	363.96
00000008	2017	3	19	363.96
00000008	2017	3	20	363.92
00000008	2017	3	21	363.88
00000008	2017	3	22	363.92
00000008	2017	3	23	364.02
00000008	2017	3	24	364.02
00000008	2017	3	25	363.96
00000008	2017	3	26	363.88
00000008	2017	3	27	363.88
00000008	2017	3	28	363.86
00000008	2017	3	29	363.89
00000008	2017	3	30	363.9
00000008	2017	3	31	363.9
00000008	2017	4	1	363.9
00000008	2017	4	2	363.9
00000008	2017	4	3	363.9
00000008	2017	4	4	363.9
00000008	2017	4	5	363.9
00000008	2017	4	6	363.9
00000008	2017	4	7	363.9
00000008	2017	4	8	363.9
00000008	2017	4	9	363.9
00000008	2017	4	10	363.9
00000008	2017	4	11	363.9
00000008	2017	4	12	363.9
00000008	2017	4	13	363.9
00000008	2017	4	14	363.9
00000008	2017	4	15	363.9
00000008	2017	4	16	363.9
00000008	2017	4	17	363.9
00000008	2017	4	18	363.9
00000008	2017	4	19	363.9
00000008	2017	4	20	363.9
00000008	2017	4	21	363.9
00000008	2017	4	22	363.9
00000008	2017	4	23	363.9
00000008	2017	4	24	363.9
00000008	2017	4	25	363.9
00000008	2017	4	26	363.9
00000008	2017	4	27	363.9
00000008	2017	4	28	363.9
00000008	2017	4	29	363.9
00000008	2017	4	30	363.9
00000008	2017	5	1	363.9
00000008	2017	5	2	363.9
00000008	2017	5	3	363.9
00000008	2017	5	4	363.9
00000008	2017	5	5	363.9
00000008	2017	5	6	363.9
00000008	2017	5	7	363.9
00000008	2017	5	8	363.9
00000008	2017	5	9	363.9
00000008	2017	5	10	363.9
00000008	2017	5	11	363.9
00000008	2017	5	12	363.9
00000008	2017	5	13	363.9
00000008	2017	5	14	363.9
00000008	2017	5	15	363.9
00000008	2017	5	16	363.9
00000008	2017	5	17	363.9
00000008	2017	5	18	363.9
00000008	2017	5	19	363.9
00000008	2017	5	20	363.9
00000008	2017	5	21	363.9
00000008	2017	5	22	363.9
00000008	2017	5	23	363.9
00000008	2017	5	24	363.9
00000008	2017	5	25	363.9
00000008	2017	5	26	363.9
00000008	2017	5	27	363.9
00000008	2017	5	28	363.9
00000008	2017	5	29	363.9
00000008	2017	5	30	363.9
00000008	2017	5	31	363.9
00000008	2017	6	1	363.9
00000008	2017	6	2	363.9
00000008	2017	6	3	363.9
00000008	2017	6	4	363.9
00000008	2017	6	5	363.9
00000008	2017	6	6	363.9
00000008	2017	6	7	363.9
00000008	2017	6	8	363.9
00000008	2017	6	9	363.9
00000008	2017	6	10	363.9
00000008	2017	6	11	363.9
00000008	2017	6	12	363.9
00000008	2017	6	13	363.9
00000008	2017	6	14	363.9
00000008	2017	6	15	363.9
00000008	2017	6	16	363.9
00000008	2017	6	17	363.9
00000008	2017	6	18	363.9
00000008	2017	6	19	363.9
00000008	2017	6	20	363.9
00000008	2017	6	21	363.9
00000008	2017	6	22	363.9
00000008	2017	6	23	363.9
00000008	2017	6	24	363.9
00000008	2017	6	25	363.9
00000008	2017	6	26	363.9
00000008	2017	6	27	365.83
00000008	2017	6	28	365.83
00000008	2017	6	29	366.86
00000008	2017	6	30	366.9
00000008	2017	7	1	366.95
00000008	2017	7	2	367.02
00000008	2017	7	3	367.08
00000008	2017	7	4	367.1
00000008	2017	7	5	367.15
00000008	2017	7	6	367.2
00000008	2017	7	7	367.2
00000008	2017	7	8	367.19
00000008	2017	7	9	367.2
00000008	2017	7	10	367.2
00000008	2017	7	11	367.2
00000008	2017	7	12	367.23
00000008	2017	7	13	367.23
00000008	2017	7	14	367.2
00000008	2017	7	15	367.19
00000008	2017	7	16	367.15
00000008	2017	7	17	367.17
00000008	2017	7	18	367.19
00000008	2017	7	19	367.23
00000008	2017	7	20	367.19
00000008	2017	7	21	367.16
00000008	2017	7	22	367.14
00000008	2017	7	23	367.13
00000008	2017	7	24	367.17
00000008	2017	7	25	367.22
00000008	2017	7	26	367.2
00000008	2017	7	27	367.2
00000008	2017	7	28	367.17
00000008	2017	7	29	367.1
00000008	2017	7	30	367.18
00000008	2017	7	31	367.2
00000008	2017	8	1	367.22
00000008	2017	8	2	367.23
00000008	2017	8	3	367.24
00000008	2017	8	4	367.23
00000008	2017	8	5	367.23
00000008	2017	8	6	367.22
00000008	2017	8	7	367.21
00000008	2017	8	8	367.22
00000008	2017	8	9	367.23
00000008	2017	8	10	367.23
00000008	2017	8	11	367.16
00000008	2017	8	12	367.1
00000008	2017	8	13	367.1
00000008	2017	8	14	367.1
00000008	2017	8	15	367.13
00000008	2017	8	16	367.18
00000008	2017	8	17	367.2
00000008	2017	8	18	367.18
00000008	2017	8	19	367.18
00000008	2017	8	20	367.23
00000008	2017	8	21	367.27
00000008	2017	8	22	367.27
00000008	2017	8	23	367.22
00000008	2017	8	24	367.22
00000008	2017	8	25	367.3
00000008	2017	8	26	367.3
00000008	2017	8	27	367.3
00000008	2017	8	28	367.3
00000008	2017	8	29	367.3
00000008	2017	8	30	367.27
00000008	2017	8	31	367.19
00000008	2017	9	1	367.22
00000008	2017	9	2	367.27
00000008	2017	9	3	367.32
00000008	2017	9	4	367.32
00000008	2017	9	5	367.27
00000008	2017	9	6	367.26
00000008	2017	9	7	367.31
00000008	2017	9	8	367.34
00000008	2017	9	9	367.3
00000008	2017	9	10	367.3
00000008	2017	9	11	367.06
00000008	2017	9	12	366.98
00000008	2017	9	13	367.07
00000008	2017	9	14	367.1
00000008	2017	9	15	367.11
00000008	2017	9	16	367.11
00000008	2017	9	17	367.09
00000008	2017	9	18	367.04
00000008	2017	9	19	367.02
00000008	2017	9	20	367
00000008	2017	9	21	366.98
00000008	2017	9	22	366.97
00000008	2017	9	23	366.93
00000008	2017	9	24	366.91
00000008	2017	9	25	366.9
00000008	2017	9	26	366.9
00000008	2017	9	27	366.9
00000008	2017	9	28	366.88
00000008	2017	9	29	366.89
00000008	2017	9	30	366.9
00000008	2017	10	1	366.94
00000008	2017	10	2	366.98
00000008	2017	10	3	367.03
00000008	2017	10	4	367.02
00000008	2017	10	5	366.93
00000008	2017	10	6	366.88
00000008	2017	10	7	366.82
00000008	2017	10	8	366.64
00000008	2017	10	9	366.69
00000008	2017	10	10	366.7
00000008	2017	10	11	366.72
00000008	2017	10	12	366.72
00000008	2017	10	13	366.76
00000008	2017	10	14	366.78
00000008	2017	10	15	366.74
00000008	2017	10	16	366.75
00000008	2017	10	17	366.81
00000008	2017	10	18	366.82
00000008	2017	10	19	366.81
00000008	2017	10	20	366.79
00000008	2017	10	21	366.8
00000008	2017	10	22	366.75
00000008	2017	10	23	366.6
00000008	2017	10	24	366.62
00000008	2017	10	25	366.63
00000008	2017	10	26	366.63
00000008	2017	10	27	366.63
00000008	2017	10	28	366.54
00000008	2017	10	29	366.56
00000008	2017	10	30	366.63
00000008	2017	10	31	366.65
00000008	2017	11	1	366.63
00000008	2017	11	2	366.67
00000008	2017	11	3	366.65
00000008	2017	11	4	366.61
00000008	2017	11	5	366.6
00000008	2017	11	6	366.6
00000008	2017	11	7	366.56
00000008	2017	11	8	366.53
00000008	2017	11	9	366.56
00000008	2017	11	10	366.6
00000008	2017	11	11	366.61
00000008	2017	11	12	366.6
00000008	2017	11	13	366.58
00000008	2017	11	14	366.53
00000008	2017	11	15	366.5
00000008	2017	11	16	366.5
00000008	2017	11	17	366.48
00000008	2017	11	18	366.37
00000008	2017	11	19	366.42
00000008	2017	11	20	366.48
00000008	2017	11	21	366.41
00000008	2017	11	22	366.4
00000008	2017	11	23	366.37
00000008	2017	11	24	366.35
00000008	2017	11	25	366.39
00000008	2017	11	26	366.41
00000008	2017	11	27	366.42
00000008	2017	11	28	366.46
00000008	2017	11	29	366.48
00000008	2017	11	30	366.4
00000008	2017	12	1	366.37
00000008	2017	12	2	366.38
00000008	2017	12	3	366.39
00000008	2017	12	4	366.4
00000008	2017	12	5	366.32
00000008	2017	12	6	366.31
00000008	2017	12	7	366.32
00000008	2017	12	8	366.19
00000008	2017	12	9	366.22
00000008	2017	12	10	366.3
00000008	2017	12	11	366.24
00000008	2017	12	12	366.15
00000008	2017	12	13	366.16
00000008	2017	12	14	366.14
00000008	2017	12	15	366.22
00000008	2017	12	16	366.29
00000008	2017	12	17	366.21
00000008	2017	12	18	366.2
00000008	2017	12	19	366.16
00000008	2017	12	20	365.99
00000008	2017	12	21	366.01
00000008	2017	12	22	366.02
00000008	2017	12	23	365.96
00000008	2017	12	24	366.01
00000008	2017	12	25	366.1
00000008	2017	12	26	366.1
00000008	2017	12	27	366.1
00000008	2017	12	28	366.1
00000008	2017	12	29	366.08
00000008	2017	12	30	366.02
00000008	2017	12	31	366.04
00000008	2018	1	1	366.18
00000008	2018	1	2	366.18
00000008	2018	1	3	366.07
00000008	2018	1	4	366.09
00000008	2018	1	5	366.2
00000008	2018	1	6	366.28
00000008	2018	1	7	366.25
00000008	2018	1	8	366.13
00000008	2018	1	9	366.15
00000008	2018	1	10	366.14
00000008	2018	1	11	366.06
00000008	2018	1	12	365.97
00000008	2018	1	13	366.22
00000008	2018	1	14	366.33
00000008	2018	1	15	366.33
00000008	2018	1	16	366.35
00000008	2018	1	17	366.41
00000008	2018	1	18	366.41
00000008	2018	1	19	366.4
00000008	2018	1	20	366.4
00000008	2018	1	21	366.4
00000008	2018	1	22	366.36
00000008	2018	1	23	366.45
00000008	2018	1	24	366.63
00000008	2018	1	25	366.76
00000008	2018	1	26	366.8
00000008	2018	1	27	366.77
00000008	2018	1	28	366.68
00000008	2018	1	29	366.72
00000008	2018	1	30	366.85
00000008	2018	1	31	366.84
00000008	2018	2	1	366.81
00000008	2018	2	2	366.97
00000008	2018	2	3	366.96
00000008	2018	2	4	366.82
00000008	2018	2	5	366.97
00000008	2018	2	6	367
00000008	2018	2	7	366.95
00000008	2018	2	8	367.1
00000008	2018	2	9	367.08
00000008	2018	2	10	366.98
00000008	2018	2	11	366.93
00000008	2018	2	12	367.08
00000008	2018	2	13	367.2
00000008	2018	2	14	367.18
00000008	2018	2	15	367.08
00000008	2018	2	16	367.03
00000008	2018	2	17	367.04
00000008	2018	2	18	367.1
00000008	2018	2	19	367.11
00000008	2018	2	20	367.2
00000008	2018	2	21	367.2
00000008	2018	2	22	367.2
00000008	2018	2	23	367.2
00000008	2018	2	24	367.13
00000008	2018	2	25	367.13
00000008	2018	2	26	367.15
00000008	2018	2	27	367.22
00000008	2018	2	28	367.12
00000008	2018	3	1	367.08
00000008	2018	3	2	367.23
00000008	2018	3	3	367.27
00000008	2018	3	4	367.25
00000008	2018	3	5	367.17
00000008	2018	3	6	367.09
00000008	2018	3	7	367.17
00000008	2018	3	8	367.2
00000008	2018	3	9	367.2
00000008	2018	3	10	367.14
00000008	2018	3	11	367.08
00000008	2018	3	12	367.11
00000008	2018	3	13	367.18
00000008	2018	3	14	367.18
00000008	2018	3	15	367.14
00000008	2018	3	16	367.1
00000008	2018	3	17	367.04
00000008	2018	3	18	366.97
00000008	2018	3	19	366.86
00000008	2018	3	20	366.85
00000008	2018	3	21	367.01
00000008	2018	3	22	367.11
00000008	2018	3	23	367.09
00000008	2018	3	24	366.97
00000008	2018	3	25	366.94
00000008	2018	3	26	367.1
00000008	2018	3	27	367.08
00000008	2018	3	28	366.98
00000008	2018	3	29	366.91
00000008	2018	3	30	366.95
00000008	2018	3	31	366.98
00000008	2018	4	1	366.92
00000008	2018	4	2	366.87
00000008	2018	4	3	366.81
00000008	2018	4	4	366.87
00000008	2018	4	5	366.89
00000008	2018	4	6	366.77
00000008	2018	4	7	366.7
00000008	2018	4	8	366.72
00000008	2018	4	9	366.74
00000008	2018	4	10	366.8
00000008	2018	4	11	366.82
00000008	2018	4	12	366.77
00000008	2018	4	13	366.73
00000008	2018	4	14	366.65
00000008	2018	4	15	366.58
00000008	2018	4	16	366.7
00000008	2018	4	17	366.67
00000008	2018	4	18	366.63
00000008	2018	4	19	366.67
00000008	2018	4	20	366.73
00000008	2018	4	21	366.7
00000008	2018	4	22	366.59
00000008	2018	4	23	366.5
00000008	2018	4	24	366.5
00000008	2018	4	25	366.5
00000008	2018	4	26	366.45
00000008	2018	4	27	366.45
00000008	2018	4	28	366.5
00000008	2018	4	29	366.56
00000008	2018	4	30	366.59
00000008	2018	5	1	366.59
00000008	2018	5	2	366.61
00000008	2018	5	3	366.6
00000008	2018	5	4	366.55
00000008	2018	5	5	366.5
00000008	2018	5	6	366.5
00000008	2018	5	7	366.5
00000008	2018	5	8	366.55
00000008	2018	5	9	366.56
00000008	2018	5	10	366.59
00000008	2018	5	11	366.61
00000008	2018	5	12	366.63
00000008	2018	5	13	366.63
00000008	2018	5	14	366.62
00000008	2018	5	15	366.61
00000008	2018	5	16	366.61
00000008	2018	5	17	366.61
00000008	2018	5	18	366.62
00000008	2018	5	19	366.69
00000008	2018	5	20	366.71
00000008	2018	5	21	366.72
00000008	2018	5	22	366.7
00000008	2018	5	23	366.7
00000008	2018	5	24	366.73
00000008	2018	5	25	366.68
00000008	2018	5	26	366.64
00000008	2018	5	27	366.63
00000008	2018	5	28	366.56
00000008	2018	5	29	366.51
00000008	2018	5	30	366.61
00000008	2018	5	31	366.63
00000008	2018	6	1	366.63
00000008	2018	6	2	366.6
00000008	2018	6	3	366.6
00000008	2018	6	4	366.65
00000008	2018	6	5	366.6
00000008	2018	6	6	366.6
00000008	2018	6	7	366.68
00000008	2018	6	8	366.74
00000008	2018	6	9	366.74
00000008	2018	6	10	366.72
00000008	2018	6	11	366.71
00000008	2018	6	12	366.75
00000008	2018	6	13	366.74
00000008	2018	6	14	366.73
00000008	2018	6	15	366.72
00000008	2018	6	16	366.75
00000008	2018	6	17	366.8
00000008	2018	6	18	366.8
00000008	2018	6	19	366.77
00000008	2018	6	20	366.73
00000008	2018	6	21	366.72
00000008	2018	6	22	366.73
00000008	2018	6	23	366.75
00000008	2018	6	24	366.82
00000008	2018	6	25	366.85
00000008	2018	6	26	366.85
00000008	2018	6	27	366.82
00000008	2018	6	28	366.81
00000008	2018	6	29	366.8
00000008	2018	6	30	366.76
00000008	2018	7	1	366.72
00000008	2018	7	2	366.73
00000008	2018	7	3	366.79
00000008	2018	7	4	366.8
00000008	2018	7	5	366.88
00000008	2018	7	6	366.85
00000008	2018	7	7	366.82
00000008	2018	7	8	366.88
00000008	2018	7	9	366.85
00000008	2018	7	10	366.82
00000008	2018	7	11	366.79
00000008	2018	7	12	366.82
00000008	2018	7	13	366.82
00000008	2018	7	14	366.82
00000008	2018	7	15	366.8
00000008	2018	7	16	366.77
00000008	2018	7	17	366.77
00000008	2018	7	18	366.73
00000008	2018	7	19	366.72
00000008	2018	7	20	366.74
00000008	2018	7	21	366.72
00000008	2018	7	22	366.7
00000008	2018	7	23	366.73
00000008	2018	7	24	366.77
00000008	2018	7	25	366.81
00000008	2018	7	26	366.85
00000008	2018	7	27	366.89
00000008	2018	7	28	366.92
00000008	2018	7	29	366.92
00000008	2018	7	30	366.93
00000008	2018	7	31	366.92
00000008	2018	8	1	366.9
00000008	2018	8	2	366.89
00000008	2018	8	3	366.9
00000008	2018	8	4	366.94
00000008	2018	8	5	366.99
00000008	2018	8	6	366.94
00000008	2018	8	7	366.92
00000008	2018	8	8	366.92
00000008	2018	8	9	366.46
00000008	2018	8	10	366.22
00000008	2018	8	11	366.21
00000008	2018	8	12	366.22
00000008	2018	8	13	366.21
00000008	2018	8	14	366.2
00000008	2018	8	15	366.22
00000008	2018	8	16	366.3
00000008	2018	8	17	366.27
00000008	2018	8	18	366.19
00000008	2018	8	19	366.16
00000008	2018	8	20	366.14
00000008	2018	8	21	366.1
00000008	2018	8	22	366.09
00000008	2018	8	23	366.08
00000008	2018	8	24	366.08
00000008	2018	8	25	366.13
00000008	2018	8	26	366.13
00000008	2018	8	27	366.12
00000008	2018	8	28	366.11
00000008	2018	8	29	366.1
00000008	2018	8	30	366.1
00000008	2018	8	31	366.08
00000008	2018	9	1	366.06
00000008	2018	9	2	366.08
00000008	2018	9	3	366.09
00000008	2018	9	4	366.04
00000008	2018	9	5	366.02
00000008	2018	9	6	366.02
00000008	2018	9	7	365.98
00000008	2018	9	8	365.93
00000008	2018	9	9	365.92
00000008	2018	9	10	365.93
00000008	2018	9	11	365.94
00000008	2018	9	12	365.97
00000008	2018	9	13	365.97
00000008	2018	9	14	365.92
00000008	2018	9	15	365.9
00000008	2018	9	16	365.88
00000008	2018	9	17	365.9
00000008	2018	9	18	365.92
00000008	2018	9	19	365.94
00000008	2018	9	20	365.98
00000008	2018	9	21	366.02
00000008	2018	9	22	366.01
00000008	2018	9	23	366
00000008	2018	9	24	366.01
00000008	2018	9	25	366.03
00000008	2018	9	26	366.01
00000008	2018	9	27	365.95
00000008	2018	9	28	366
00000008	2018	9	29	366
00000008	2018	9	30	366
00000008	2018	10	1	366
00000008	2018	10	2	365.96
00000008	2018	10	3	365.93
00000008	2018	10	4	365.93
00000008	2018	10	5	365.94
00000008	2018	10	6	365.95
00000008	2018	10	7	365.96
00000008	2018	10	8	365.95
00000008	2018	10	9	365.89
00000008	2018	10	10	365.72
00000008	2018	10	11	365.77
00000008	2018	10	12	365.81
00000008	2018	10	13	365.82
00000008	2018	10	14	365.9
00000008	2018	10	15	365.9
00000008	2018	10	16	365.9
00000008	2018	10	17	365.96
00000008	2018	10	18	366
00000008	2018	10	19	365.95
00000008	2018	10	20	365.88
00000008	2018	10	21	365.95
00000008	2018	10	22	365.98
00000008	2018	10	23	365.95
00000008	2018	10	24	365.93
00000008	2018	10	25	365.87
00000008	2018	10	26	365.73
00000008	2018	10	27	365.83
00000008	2018	10	28	365.92
00000008	2018	10	29	365.9
00000008	2018	10	30	365.93
00000008	2018	10	31	365.93
00000008	2018	11	1	365.77
00000008	2018	11	2	365.82
00000008	2018	11	3	365.94
00000008	2018	11	4	365.94
00000008	2018	11	5	365.88
00000008	2018	11	6	365.84
00000008	2018	11	7	365.88
00000008	2018	11	8	365.89
00000008	2018	11	9	365.88
00000008	2018	11	10	366
00000008	2018	11	11	365.98
00000008	2018	11	12	365.83
00000008	2018	11	13	365.82
00000008	2018	11	14	365.85
00000008	2018	11	15	365.81
00000008	2018	11	16	365.86
00000008	2018	11	17	365.86
00000008	2018	11	18	365.86
00000008	2018	11	19	365.82
00000008	2018	11	20	365.84
00000008	2018	11	21	365.9
00000008	2018	11	22	365.89
00000008	2018	11	23	365.78
00000008	2018	11	24	365.68
00000008	2018	11	25	365.7
00000008	2018	11	26	365.73
00000008	2018	11	27	365.8
00000008	2018	11	28	365.83
00000008	2018	11	29	365.83
00000008	2018	11	30	365.8
00000008	2018	12	1	365.64
00000008	2018	12	2	365.65
00000008	2018	12	3	365.74
00000008	2018	12	4	365.85
00000008	2018	12	5	365.94
00000008	2018	12	6	365.98
00000008	2018	12	7	365.98
00000008	2018	12	8	365.86
00000008	2018	12	9	365.72
00000008	2018	12	10	365.82
00000008	2018	12	11	365.9
00000008	2018	12	12	365.85
00000008	2018	12	13	365.78
00000008	2018	12	14	365.68
00000008	2018	12	15	365.73
00000008	2018	12	16	365.8
00000008	2018	12	17	365.81
00000008	2018	12	18	365.79
00000008	2018	12	19	365.73
00000008	2018	12	20	365.47
00000008	2018	12	21	365.52
00000008	2018	12	22	365.77
00000008	2018	12	23	365.82
00000008	2018	12	24	365.88
00000008	2018	12	25	365.88
00000008	2018	12	26	365.89
00000008	2018	12	27	365.76
00000008	2018	12	28	365.66
00000008	2018	12	29	365.79
00000008	2018	12	30	365.71
00000008	2018	12	31	365.7
00000008	2019	1	1	365.73
00000008	2019	1	2	365.73
00000008	2019	1	3	365.69
00000008	2019	1	4	365.58
00000008	2019	1	5	365.73
00000008	2019	1	6	365.8
00000008	2019	1	7	365.8
00000008	2019	1	8	365.8
00000008	2019	1	9	365.8
00000008	2019	1	10	365.81
00000008	2019	1	11	365.85
00000008	2019	1	12	365.78
00000008	2019	1	13	365.82
00000008	2019	1	14	365.9
00000008	2019	1	15	365.9
00000008	2019	1	16	365.9
00000008	2019	1	17	365.82
00000008	2019	1	18	365.77
00000008	2019	1	19	365.58
00000008	2019	1	20	365.76
00000008	2019	1	21	365.9
00000008	2019	1	22	365.88
00000008	2019	1	23	365.68
00000008	2019	1	24	365.68
00000008	2019	1	25	365.85
00000008	2019	1	26	365.85
00000008	2019	1	27	365.78
00000008	2019	1	28	365.71
00000008	2019	1	29	365.74
00000008	2019	1	30	365.88
00000008	2019	1	31	365.9
00000008	2019	2	1	365.89
00000008	2019	2	2	365.83
00000008	2019	2	3	365.8
00000008	2019	2	4	365.8
00000008	2019	2	5	365.82
00000008	2019	2	6	365.83
00000008	2019	2	7	365.84
00000008	2019	2	8	365.97
00000008	2019	2	9	366.07
00000008	2019	2	10	365.99
00000008	2019	2	11	365.85
00000008	2019	2	12	365.8
00000008	2019	2	13	365.9
00000008	2019	2	14	365.85
00000008	2019	2	15	365.77
00000008	2019	2	16	365.72
00000008	2019	2	17	365.74
00000008	2019	2	18	365.9
00000008	2019	2	19	365.96
00000008	2019	2	20	365.85
00000008	2019	2	21	365.87
00000008	2019	2	22	365.9
00000008	2019	2	23	365.88
00000008	2019	2	24	365.89
00000008	2019	2	25	366.03
00000008	2019	2	26	366
00000008	2019	2	27	365.92
00000008	2019	2	28	365.89
00000008	2019	3	1	365.89
00000008	2019	3	2	365.9
00000008	2019	3	3	365.8
00000008	2019	3	4	365.91
00000008	2019	3	5	365.99
00000008	2019	3	6	366.08
00000008	2019	3	7	366.03
00000008	2019	3	8	365.96
00000008	2019	3	9	365.91
00000008	2019	3	10	365.97
00000008	2019	3	11	366
00000008	2019	3	12	366
00000008	2019	3	13	365.97
00000008	2019	3	14	365.9
00000008	2019	3	15	365.97
00000008	2019	3	16	366.03
00000008	2019	3	17	366.01
00000008	2019	3	18	366.03
00000008	2019	3	19	366.03
00000008	2019	3	20	365.98
00000008	2019	3	21	365.9
00000008	2019	3	22	365.95
00000008	2019	3	23	366.01
00000008	2019	3	24	365.99
00000008	2019	3	25	365.91
00000008	2019	3	26	365.96
00000008	2019	3	27	366.04
00000008	2019	3	28	366.03
00000008	2019	3	29	365.98
00000008	2019	3	30	365.9
00000008	2019	3	31	365.94
00000008	2019	4	1	365.98
00000008	2019	4	2	365.96
00000008	2019	4	3	366.03
00000008	2019	4	4	365.97
00000008	2019	4	5	365.9
00000008	2019	4	6	365.92
00000008	2019	4	7	365.93
00000008	2019	4	8	365.83
00000008	2019	4	9	365.71
00000008	2019	4	10	365.78
00000008	2019	4	11	365.8
00000008	2019	4	12	365.88
00000008	2019	4	13	365.82
00000008	2019	4	14	365.68
00000008	2019	4	15	365.87
00000008	2019	4	16	365.92
00000008	2019	4	17	365.86
00000008	2019	4	18	365.74
00000008	2019	4	19	365.54
00000008	2019	4	20	365.69
00000008	2019	4	21	365.84
00000008	2019	4	22	365.88
00000008	2019	4	23	365.86
00000008	2019	4	24	365.8
00000008	2019	4	25	365.77
00000008	2019	4	26	365.72
00000008	2019	4	27	365.8
00000008	2019	4	28	365.79
00000008	2019	4	29	365.84
00000008	2019	4	30	365.88
00000008	2019	5	1	365.88
00000008	2019	5	2	365.84
00000008	2019	5	3	365.78
00000008	2019	5	4	365.72
00000008	2019	5	5	365.7
00000008	2019	5	6	365.8
00000008	2019	5	7	365.83
00000008	2019	5	8	365.8
00000008	2019	5	9	365.79
00000008	2019	5	10	365.78
00000008	2019	5	11	365.72
00000008	2019	5	12	365.65
00000008	2019	5	13	365.69
00000008	2019	5	14	365.76
00000008	2019	5	15	365.78
00000008	2019	5	16	365.8
00000008	2019	5	17	365.79
00000008	2019	5	18	365.79
00000008	2019	5	19	365.8
00000008	2019	5	20	365.81
00000008	2019	5	21	365.8
00000008	2019	5	22	365.86
00000008	2019	5	23	365.9
00000008	2019	5	24	365.9
00000008	2019	5	25	365.9
00000008	2019	5	26	365.9
00000008	2019	5	27	365.9
00000008	2019	5	28	365.86
00000008	2019	5	29	365.86
00000008	2019	5	30	365.9
00000008	2019	5	31	365.91
00000008	2019	6	1	365.91
00000008	2019	6	2	365.92
00000008	2019	6	3	365.97
00000008	2019	6	4	366.02
00000008	2019	6	5	366.02
00000008	2019	6	6	365.98
00000008	2019	6	7	365.91
00000008	2019	6	8	365.9
00000008	2019	6	9	365.96
00000008	2019	6	10	365.99
00000008	2019	6	11	366.01
00000008	2019	6	12	365.99
00000008	2019	6	13	366.03
00000008	2019	6	14	366.12
00000008	2019	6	15	366.11
00000008	2019	6	16	366.05
00000008	2019	6	17	366.07
00000008	2019	6	18	366.04
00000008	2019	6	19	365.98
00000008	2019	6	20	366
00000008	2019	6	21	366.08
00000008	2019	6	22	366.1
00000008	2019	6	23	366.09
00000008	2019	6	24	366.04
00000008	2019	6	25	366.11
00000008	2019	6	26	366.18
00000008	2019	6	27	366.18
00000008	2019	6	28	366.18
00000008	2019	6	29	366.18
00000008	2019	6	30	366.15
00000008	2019	7	1	366.13
00000008	2019	7	2	366.13
00000008	2019	7	3	366.13
00000008	2019	7	4	366.18
00000008	2019	7	5	366.2
00000008	2019	7	6	366.2
00000008	2019	7	7	366.19
00000008	2019	7	8	366.13
00000008	2019	7	9	366.13
00000008	2019	7	10	366.13
00000008	2019	7	11	366.08
00000008	2019	7	12	366.08
00000008	2019	7	13	366.12
00000008	2019	7	14	366.12
00000008	2019	7	15	366.08
00000008	2019	7	16	366.07
00000008	2019	7	17	366.03
00000008	2019	7	18	366
00000008	2019	7	19	366
00000008	2019	7	20	365.99
00000008	2019	7	21	365.96
00000008	2019	7	22	365.91
00000008	2019	7	23	365.9
00000008	2019	7	24	365.9
00000008	2019	7	25	365.98
00000008	2019	7	26	366
00000008	2019	7	27	366.03
00000008	2019	7	28	366.02
00000008	2019	7	29	366
00000008	2019	7	30	366.02
00000008	2019	7	31	366.04
00000008	2019	8	1	366.06
00000008	2019	8	2	366.08
00000008	2019	8	3	366.08
00000008	2019	8	4	366.09
00000008	2019	8	5	366.1
00000008	2019	8	6	366.1
00000008	2019	8	7	366.1
00000008	2019	8	8	366.12
00000008	2019	8	9	366.16
00000008	2019	8	10	366.19
00000008	2019	8	11	366.22
00000008	2019	8	12	366.25
00000008	2019	8	13	366.29
00000008	2019	8	14	366.31
00000008	2019	8	15	366.35
00000008	2019	8	16	366.4
00000008	2019	8	17	366.42
00000008	2019	8	18	366.48
00000008	2019	8	19	366.51
00000008	2019	8	20	366.6
00000008	2019	8	21	366.6
00000008	2019	8	22	366.61
00000008	2019	8	23	366.62
00000008	2019	8	24	366.62
00000008	2019	8	25	366.63
00000008	2019	8	26	366.62
00000008	2019	8	27	366.59
00000008	2019	8	28	366.62
00000008	2019	8	29	366.65
00000008	2019	8	30	366.66
00000008	2019	8	31	366.66
00000008	2019	9	1	366.63
00000008	2019	9	2	366.6
00000008	2019	9	3	366.6
00000008	2019	9	4	366.6
00000008	2019	9	5	366.6
00000008	2019	9	6	366.6
00000008	2019	9	7	366.6
00000008	2019	9	8	366.61
00000008	2019	9	9	366.65
00000008	2019	9	10	366.7
00000008	2019	9	11	366.71
00000008	2019	9	12	366.68
00000008	2019	9	13	366.68
00000008	2019	9	14	366.69
00000008	2019	9	15	366.67
00000008	2019	9	16	366.65
00000008	2019	9	17	366.62
00000008	2019	9	18	366.61
00000008	2019	9	19	366.7
00000008	2019	9	20	366.78
00000008	2019	9	21	366.8
00000008	2019	9	22	366.76
00000008	2019	9	23	366.73
00000008	2019	9	24	366.68
00000008	2019	9	25	366.67
00000008	2019	9	26	366.68
00000008	2019	9	27	366.73
00000008	2019	9	28	366.82
00000008	2019	9	29	366.86
00000008	2019	9	30	366.88
00000008	2019	10	1	366.87
00000008	2019	10	2	366.85
00000008	2019	10	3	366.87
00000008	2019	10	4	366.87
00000008	2019	10	5	366.9
00000008	2019	10	6	366.94
00000008	2019	10	7	366.92
00000008	2019	10	8	366.94
00000008	2019	10	9	366.97
00000008	2019	10	10	367.01
00000008	2019	10	11	367.02
00000008	2019	10	12	367
00000008	2019	10	13	367.02
00000008	2019	10	14	367.04
00000008	2019	10	15	366.98
00000008	2019	10	16	366.86
00000008	2019	10	17	366.9
00000008	2019	10	18	366.89
00000008	2019	10	19	366.77
00000008	2019	10	20	366.87
00000008	2019	10	21	366.85
00000008	2019	10	22	366.9
00000008	2019	10	23	366.98
00000008	2019	10	24	366.98
00000008	2019	10	25	366.92
00000008	2019	10	26	366.81
00000008	2019	10	27	366.88
00000008	2019	10	28	366.92
00000008	2019	10	29	366.92
00000008	2019	10	30	366.88
00000008	2019	10	31	366.87
00000008	2019	11	1	366.96
00000008	2019	11	2	366.96
00000008	2019	11	3	366.95
00000008	2019	11	4	366.92
00000008	2019	11	5	366.92
00000008	2019	11	6	366.99
00000008	2019	11	7	366.91
00000008	2019	11	8	366.89
00000008	2019	11	9	366.91
00000008	2019	11	10	366.9
00000008	2019	11	11	366.84
00000008	2019	11	12	366.85
00000008	2019	11	13	366.9
00000008	2019	11	14	366.88
00000008	2019	11	15	366.76
00000008	2019	11	16	366.71
00000008	2019	11	17	366.65
00000008	2019	11	18	366.58
00000008	2019	11	19	366.6
00000008	2019	11	20	366.71
00000008	2019	11	21	366.73
00000008	2019	11	22	366.66
00000008	2019	11	23	366.58
00000008	2019	11	24	366.58
00000008	2019	11	25	366.58
00000008	2019	11	26	366.6
00000008	2019	11	27	366.63
00000008	2019	11	28	366.73
00000008	2019	11	29	366.71
00000008	2019	11	30	366.56
00000008	2019	12	1	366.51
00000008	2019	12	2	366.61
00000008	2019	12	3	366.6
00000008	2019	12	4	366.6
00000008	2019	12	5	366.68
00000008	2019	12	6	366.7
00000008	2019	12	7	366.71
00000008	2019	12	8	366.7
00000008	2019	12	9	366.62
00000008	2019	12	10	366.65
00000008	2019	12	11	366.82
00000008	2019	12	12	366.81
00000008	2019	12	13	366.54
00000008	2019	12	14	366.48
00000008	2019	12	15	366.6
00000008	2019	12	16	366.56
00000008	2019	12	17	366.53
00000008	2019	12	18	366.68
00000008	2019	12	19	366.73
00000008	2019	12	20	366.75
00000008	2019	12	21	366.7
00000008	2019	12	22	366.47
00000008	2019	12	23	366.38
00000008	2019	12	24	366.42
00000008	2019	12	25	366.49
00000008	2019	12	26	366.52
00000008	2019	12	27	366.52
00000008	2019	12	28	366.48
00000008	2019	12	29	366.36
00000008	2019	12	30	366.4
00000008	2019	12	31	366.44
00000008	2020	1	1	366.44
00000008	2020	1	2	366.33
00000008	2020	1	3	366.28
00000008	2020	1	4	366.37
00000008	2020	1	5	366.5
00000008	2020	1	6	366.41
00000008	2020	1	7	366.42
00000008	2020	1	8	366.53
00000008	2020	1	9	366.51
00000008	2020	1	10	366.45
00000008	2020	1	11	366.33
00000008	2020	1	12	366.4
00000008	2020	1	13	366.4
00000008	2020	1	14	366.36
00000008	2020	1	15	366.32
00000008	2020	1	16	366.43
00000008	2020	1	17	366.49
00000008	2020	1	18	366.41
00000008	2020	1	19	366.38
00000008	2020	1	20	366.46
00000008	2020	1	21	366.5
00000008	2020	1	22	366.46
00000008	2020	1	23	366.35
00000008	2020	1	24	366.28
00000008	2020	1	25	366.37
00000008	2020	1	26	366.35
00000008	2020	1	27	366.3
00000008	2020	1	28	366.3
00000008	2020	1	29	366.3
00000008	2020	1	30	366.3
00000008	2020	1	31	366.32
00000008	2020	2	1	366.32
00000008	2020	2	2	366.37
00000008	2020	2	3	366.36
00000008	2020	2	4	366.31
00000008	2020	2	5	366.23
00000008	2020	2	6	365.98
00000008	2020	2	7	366.23
00000008	2020	2	8	366.4
00000008	2020	2	9	366.44
00000008	2020	2	10	366.32
00000008	2020	2	11	366.29
00000008	2020	2	12	366.24
00000008	2020	2	13	366.24
00000008	2020	2	14	366.42
00000008	2020	2	15	366.42
00000008	2020	2	16	366.32
00000008	2020	2	17	366.27
00000008	2020	2	18	366.27
00000008	2020	2	19	366.32
00000008	2020	2	20	366.26
00000008	2020	2	21	366.42
00000008	2020	2	22	366.39
00000008	2020	2	23	366.31
00000008	2020	2	24	366.16
00000008	2020	2	25	366.1
00000008	2020	2	26	366.18
00000008	2020	2	27	366.3
00000008	2020	2	28	366.27
00000008	2020	2	29	366.3
00000008	2020	3	1	366.3
00000008	2020	3	2	366.17
00000008	2020	3	3	366.1
00000008	2020	3	4	366.08
00000008	2020	3	5	366.08
00000008	2020	3	6	366.27
00000008	2020	3	7	366.36
00000008	2020	3	8	366.4
00000008	2020	3	9	366.38
00000008	2020	3	10	366.32
00000008	2020	3	11	366.23
00000008	2020	3	12	366.18
00000008	2020	3	13	366.26
00000008	2020	3	14	366.3
00000008	2020	3	15	366.3
00000008	2020	3	16	366.3
00000008	2020	3	17	366.3
00000008	2020	3	18	366.3
00000008	2020	3	19	366.3
00000008	2020	3	20	366.31
00000008	2020	3	21	366.34
00000008	2020	3	22	366.29
00000008	2020	3	23	366.25
00000008	2020	3	24	366.16
00000008	2020	3	25	366.13
00000008	2020	3	26	366.18
00000008	2020	3	27	366.18
00000008	2020	3	28	366.2
00000008	2020	3	29	366.27
00000008	2020	3	30	366.27
00000008	2020	3	31	366.13
00000008	2020	4	1	366.22
00000008	2020	4	2	366.27
00000008	2020	4	3	366.25
00000008	2020	4	4	366.23
00000008	2020	4	5	366.26
00000008	2020	4	6	366.31
00000008	2020	4	7	366.3
00000008	2020	4	8	366.23
00000008	2020	4	9	366.2
00000008	2020	4	10	366.28
00000008	2020	4	11	366.35
00000008	2020	4	12	366.23
00000008	2020	4	13	366.24
00000008	2020	4	14	366.3
00000008	2020	4	15	366.33
00000008	2020	4	16	366.44
00000008	2020	4	17	366.41
00000008	2020	4	18	366.34
00000008	2020	4	19	366.24
00000008	2020	4	20	366.19
00000008	2020	4	21	366.29
00000008	2020	4	22	366.34
00000008	2020	4	23	366.2
00000008	2020	4	24	366.23
00000008	2020	4	25	366.3
00000008	2020	4	26	366.39
00000008	2020	4	27	366.5
00000008	2020	4	28	366.44
00000008	2020	4	29	366.32
00000008	2020	4	30	366.33
00000008	2020	5	1	366.44
00000008	2020	5	2	366.48
00000008	2020	5	3	366.44
00000008	2020	5	4	366.41
00000008	2020	5	5	366.39
00000008	2020	5	6	366.44
00000008	2020	5	7	366.52
00000008	2020	5	8	366.47
00000008	2020	5	9	366.58
00000008	2020	5	10	366.58
00000008	2020	5	11	366.6
00000008	2020	5	12	366.6
00000008	2020	5	13	366.6
00000008	2020	5	14	366.6
00000008	2020	5	15	366.52
00000008	2020	5	16	366.5
00000008	2020	5	17	366.47
00000008	2020	5	18	366.38
00000008	2020	5	19	366.4
00000008	2020	5	20	366.44
00000008	2020	5	21	366.51
00000008	2020	5	22	366.48
00000008	2020	5	23	366.43
00000008	2020	5	24	366.42
00000008	2020	5	25	366.4
00000008	2020	5	26	366.39
00000008	2020	5	27	366.32
00000008	2020	5	28	366.38
00000008	2020	5	29	366.4
00000008	2020	5	30	366.4
00000008	2020	5	31	366.4
00000008	2020	6	1	366.42
00000008	2020	6	2	366.42
00000008	2020	6	3	366.38
00000008	2020	6	4	366.34
00000008	2020	6	5	366.38
00000008	2020	6	6	366.37
00000008	2020	6	7	366.31
00000008	2020	6	8	366.3
00000008	2020	6	9	366.33
00000008	2020	6	10	366.38
00000008	2020	6	11	366.4
00000008	2020	6	12	366.4
00000008	2020	6	13	366.4
00000008	2020	6	14	366.43
00000008	2020	6	15	366.43
00000008	2020	6	16	366.46
00000008	2020	6	17	366.43
00000008	2020	6	18	366.42
00000008	2020	6	19	366.45
00000008	2020	6	20	366.44
00000008	2020	6	21	366.47
00000008	2020	6	22	366.5
00000008	2020	6	23	366.47
00000008	2020	6	24	366.5
00000008	2020	6	25	366.56
00000008	2020	6	26	366.6
00000008	2020	6	27	366.58
00000008	2020	6	28	366.53
00000008	2020	6	29	366.58
00000008	2020	6	30	366.57
00000008	2020	7	1	366.54
00000008	2020	7	2	366.56
00000008	2020	7	3	366.55
00000008	2020	7	4	366.57
00000008	2020	7	5	366.6
00000008	2020	7	6	366.63
00000008	2020	7	7	366.65
00000008	2020	7	8	366.64
00000008	2020	7	9	366.7
00000008	2020	7	10	366.7
00000008	2020	7	11	366.7
00000008	2020	7	12	366.7
00000008	2020	7	13	366.76
00000008	2020	7	14	366.8
00000008	2020	7	15	366.88
00000008	2020	7	16	366.95
00000008	2020	7	17	366.98
00000008	2020	7	18	367.02
00000008	2020	7	19	367.02
00000008	2020	7	20	367.05
00000008	2020	7	21	367.11
00000008	2020	7	22	367.18
00000008	2020	7	23	367.2
00000008	2020	7	24	367.29
00000008	2020	7	25	367.3
00000008	2020	7	26	367.38
00000008	2020	7	27	367.4
00000008	2020	7	28	367.4
00000008	2020	7	29	367.44
00000008	2020	7	30	367.46
00000008	2020	7	31	367.49
00000008	2020	8	1	367.54
00000008	2020	8	2	367.58
00000008	2020	8	3	367.62
00000008	2020	8	4	367.68
00000008	2020	8	5	367.75
00000008	2020	8	6	367.81
00000008	2020	8	7	367.91
00000008	2020	8	8	368
00000008	2020	8	9	368.1
00000008	2020	8	10	368.1
00000008	2020	8	11	368.1
00000008	2020	8	12	368.17
00000008	2020	8	13	368.22
00000008	2020	8	14	368.26
00000008	2020	8	15	368.32
00000008	2020	8	16	368.38
00000008	2020	8	17	368.47
00000008	2020	8	18	368.52
00000008	2020	8	19	368.55
00000008	2020	8	20	368.64
00000008	2020	8	21	368.7
00000008	2020	8	22	368.81
00000008	2020	8	23	368.9
00000008	2020	8	24	368.99
00000008	2020	8	25	369
00000008	2020	8	26	369.09
00000008	2020	8	27	369.11
00000008	2020	8	28	369.09
00000008	2020	8	29	369.08
00000008	2020	8	30	369.06
00000008	2020	8	31	369.04
00000008	2020	9	1	369.05
00000008	2020	9	2	369.09
00000008	2020	9	3	369.1
00000008	2020	9	4	369.13
00000008	2020	9	5	369.2
00000008	2020	9	6	369.13
00000008	2020	9	7	369.07
00000008	2020	9	8	369.08
00000008	2020	9	9	369.1
00000008	2020	9	10	369.1
00000008	2020	9	11	369.04
00000008	2020	9	12	368.94
00000008	2020	9	13	368.93
00000008	2020	9	14	368.95
00000008	2020	9	15	368.92
00000008	2020	9	16	368.66
00000008	2020	9	17	368.53
00000008	2020	9	18	368.63
00000008	2020	9	19	368.69
00000008	2020	9	20	368.7
00000008	2020	9	21	368.7
00000008	2020	9	22	368.66
00000008	2020	9	23	368.56
00000008	2020	9	24	368.48
00000008	2020	9	25	368.51
00000008	2020	9	26	368.52
00000008	2020	9	27	368.45
00000008	2020	9	28	368.41
00000008	2020	9	29	368.43
00000008	2020	9	30	368.48
00000008	2020	10	1	368.47
00000008	2020	10	2	368.5
00000008	2020	10	3	368.5
00000008	2020	10	4	368.5
00000008	2020	10	5	368.44
00000008	2020	10	6	368.42
00000008	2020	10	7	368.4
00000008	2020	10	8	368.4
00000008	2020	10	9	368.36
00000008	2020	10	10	368.25
00000008	2020	10	11	368.23
00000008	2020	10	12	368.29
00000008	2020	10	13	368.33
00000008	2020	10	14	368.32
00000008	2020	10	15	368.32
00000008	2020	10	16	368.38
00000008	2020	10	17	368.43
00000008	2020	10	18	368.41
00000008	2020	10	19	368.4
00000008	2020	10	20	368.39
00000008	2020	10	21	368.4
00000008	2020	10	22	368.38
00000008	2020	10	23	368.34
00000008	2020	10	24	368.26
00000008	2020	10	25	368.26
00000008	2020	10	26	368.3
00000008	2020	10	27	368.32
00000008	2020	10	28	368.18
00000008	2020	10	29	368.11
00000008	2020	10	30	368.27
00000008	2020	10	31	368.32
00000008	2020	11	1	368.31
00000008	2020	11	2	368.39
00000008	2020	11	3	368.37
00000008	2020	11	4	368.38
00000008	2020	11	5	368.32
00000008	2020	11	6	368.25
00000008	2020	11	7	368.22
00000008	2020	11	8	368.2
00000008	2020	11	9	368.2
00000008	2020	11	10	368.11
00000008	2020	11	11	368.08
00000008	2020	11	12	368.08
00000008	2020	11	13	368.15
00000008	2020	11	14	368.14
00000008	2020	11	15	368.13
00000008	2020	11	16	368.22
00000008	2020	11	17	368.27
00000008	2020	11	18	368.3
00000008	2020	11	19	368.32
00000008	2020	11	20	368.3
00000008	2020	11	21	368.24
00000008	2020	11	22	368.18
00000008	2020	11	23	368.2
00000008	2020	11	24	368.23
00000008	2020	11	25	368.2
00000008	2020	11	26	368.16
00000008	2020	11	27	368.18
00000008	2020	11	28	368.17
00000008	2020	11	29	368.12
00000008	2020	11	30	368.16
00000008	2020	12	1	368.31
00000008	2020	12	2	368.4
00000008	2020	12	3	368.38
00000008	2020	12	4	368.33
00000008	2020	12	5	368.35
00000008	2020	12	6	368.28
00000008	2020	12	7	368.23
00000008	2020	12	8	368.37
00000008	2020	12	9	368.38
00000008	2020	12	10	368.43
00000008	2020	12	11	368.48
00000008	2020	12	12	368.48
00000008	2020	12	13	368.51
00000008	2020	12	14	368.5
00000008	2020	12	15	368.57
00000008	2020	12	16	368.52
00000008	2020	12	17	368.68
00000008	2020	12	18	368.8
00000008	2020	12	19	368.81
00000008	2020	12	20	368.74
00000008	2020	12	21	368.88
00000008	2020	12	22	368.99
00000008	2020	12	23	368.96
00000008	2020	12	24	368.84
00000008	2020	12	25	368.99
00000008	2020	12	26	369.03
00000008	2020	12	27	369.03
00000008	2020	12	28	369.08
00000008	2020	12	29	369.07
00000008	2020	12	30	368.96
00000008	2020	12	31	368.82
00000008	2021	1	1	236.05
00000008	2021	1	2	368.77
00000008	2021	1	3	83.47
00000008	2021	1	4	368.78
00000008	2021	1	5	368.8
00000008	2021	1	6	368.81
00000008	2021	1	7	368.73
00000008	2021	1	8	368.74
00000008	2021	1	9	368.83
00000008	2021	1	10	368.88
00000008	2021	1	11	368.82
00000008	2021	1	12	368.85
00000008	2021	1	13	368.8
00000008	2021	1	14	368.68
00000008	2021	1	15	368.62
00000008	2021	1	16	368.7
00000008	2021	1	17	368.7
00000008	2021	1	18	368.79
00000008	2021	1	19	368.89
00000008	2021	1	20	368.84
00000008	2021	1	21	368.71
00000008	2021	1	22	368.63
00000008	2021	1	23	368.73
00000008	2021	1	24	368.7
00000008	2021	1	25	368.61
00000008	2021	1	26	368.6
00000008	2021	1	27	368.65
00000008	2021	1	28	368.83
00000008	2021	1	29	368.78
00000008	2021	1	30	368.67
00000008	2021	1	31	368.52
00000008	2021	2	1	368.6
00000008	2021	2	2	368.6
00000008	2021	2	3	368.6
00000008	2021	2	4	368.54
00000008	2021	2	5	368.48
00000008	2021	2	6	368.48
00000008	2021	2	7	368.5
00000008	2021	2	8	368.57
00000008	2021	2	9	368.52
00000008	2021	2	10	368.51
00000008	2021	2	11	368.43
00000008	2021	2	12	368.4
00000008	2021	2	13	368.38
00000008	2021	2	14	368.4
00000008	2021	2	15	368.29
00000008	2021	2	16	368.41
00000008	2021	2	17	368.39
00000008	2021	2	18	368.32
00000008	2021	2	19	368.42
00000008	2021	2	20	368.5
00000008	2021	2	21	368.46
00000008	2021	2	22	368.37
00000008	2021	2	23	368.34
00000008	2021	2	24	368.35
00000008	2021	2	25	368.34
00000008	2021	2	26	368.32
00000008	2021	2	27	368.32
00000008	2021	2	28	368.29
00000008	2021	3	1	368.28
00000008	2021	3	2	368.27
00000008	2021	3	3	368.23
00000008	2021	3	4	368.25
00000008	2021	3	5	368.2
00000008	2021	3	6	368.26
00000008	2021	3	7	368.38
00000008	2021	3	8	368.45
00000008	2021	3	9	368.43
00000008	2021	3	10	368.39
00000008	2021	3	11	368.38
00000008	2021	3	12	368.38
00000008	2021	3	13	368.32
00000008	2021	3	14	368.27
00000008	2021	3	15	368.24
00000008	2021	3	16	368.19
00000008	2021	3	17	368.13
00000008	2021	3	18	368.08
00000008	2021	3	19	368.23
00000008	2021	3	20	368.3
00000008	2021	3	21	368.3
00000008	2021	3	22	368.22
00000008	2021	3	23	368.13
00000008	2021	3	24	368.09
00000008	2021	3	25	368.04
00000008	2021	3	26	368.1
00000008	2021	3	27	368.1
00000008	2021	3	28	368.08
00000008	2021	3	29	368.13
00000008	2021	3	30	368.08
00000008	2021	3	31	367.99
00000008	2021	4	1	368.1
00000008	2021	4	2	368.1
00000008	2021	4	3	368.11
00000008	2021	4	4	368.05
00000008	2021	4	5	367.98
00000008	2021	4	6	367.95
00000008	2021	4	7	367.91
00000008	2021	4	8	367.85
00000008	2021	4	9	367.84
00000008	2021	4	10	367.71
00000008	2021	4	11	367.71
00000008	2021	4	12	367.82
00000008	2021	4	13	367.9
00000008	2021	4	14	367.89
00000008	2021	4	15	367.81
00000008	2021	4	16	367.8
00000008	2021	4	17	367.79
00000008	2021	4	18	367.8
00000008	2021	4	19	367.8
00000008	2021	4	20	367.81
00000008	2021	4	21	367.88
00000008	2021	4	22	367.93
00000008	2021	4	23	367.89
00000008	2021	4	24	367.67
00000008	2021	4	25	367.77
00000008	2021	4	26	367.82
00000008	2021	4	27	367.82
00000008	2021	4	28	367.82
00000008	2021	4	29	367.8
00000008	2021	4	30	367.82
00000008	2021	5	1	367.8
00000008	2021	5	2	367.74
00000008	2021	5	3	367.71
00000008	2021	5	4	367.73
00000008	2021	5	5	367.77
00000008	2021	5	6	367.8
00000008	2021	5	7	367.82
00000008	2021	5	8	367.82
00000008	2021	5	9	367.77
00000008	2021	5	10	367.76
00000008	2021	5	11	367.78
00000008	2021	5	12	367.81
00000008	2021	5	13	367.86
00000008	2021	5	14	367.88
00000008	2021	5	15	367.89
00000008	2021	5	16	367.88
00000008	2021	5	17	367.84
00000008	2021	5	18	367.88
00000008	2021	5	19	367.9
00000008	2021	5	20	367.91
00000008	2021	5	21	367.99
00000008	2021	5	22	367.99
00000008	2021	5	23	367.94
00000008	2021	5	24	367.92
00000008	2021	5	25	367.96
00000008	2021	5	26	367.98
00000008	2021	5	27	367.93
00000008	2021	5	28	367.87
00000008	2021	5	29	367.82
00000008	2021	5	30	367.92
00000008	2021	5	31	368
00000008	2021	6	1	368
00000008	2021	6	2	367.95
00000008	2021	6	3	367.92
00000008	2021	6	4	367.94
00000008	2021	6	5	367.94
00000008	2021	6	6	367.96
00000008	2021	6	7	367.94
00000008	2021	6	8	367.93
00000008	2021	6	9	367.92
00000008	2021	6	10	367.88
00000008	2021	6	11	367.82
00000008	2021	6	12	367.8
00000008	2021	6	13	367.81
00000008	2021	6	14	367.82
00000008	2021	6	15	367.86
00000008	2021	6	16	367.9
00000008	2021	6	17	367.9
00000008	2021	6	18	367.96
00000008	2021	6	19	367.86
00000008	2021	6	20	367.83
00000008	2021	6	21	367.88
00000008	2021	6	22	367.88
00000008	2021	6	23	367.95
00000008	2021	6	24	367.99
00000008	2021	6	25	368.01
00000008	2021	6	26	368
00000008	2021	6	27	368
00000008	2021	6	28	368.02
00000008	2021	6	29	368.06
00000008	2021	6	30	368
00000008	2021	7	1	367.99
00000008	2021	7	2	367.91
00000008	2021	7	3	367.94
00000008	2021	7	4	367.98
00000008	2021	7	5	368.01
00000008	2021	7	6	368.02
00000008	2021	7	7	367.96
00000008	2021	7	8	367.98
00000008	2021	7	9	368.02
00000008	2021	7	10	368.02
00000008	2021	7	11	368
00000008	2021	7	12	368.07
00000008	2021	7	13	368.1
00000008	2021	7	14	368.1
00000008	2021	7	15	368.1
00000008	2021	7	16	368.1
00000008	2021	7	17	368.1
00000008	2021	7	18	368.11
00000008	2021	7	19	368.05
00000008	2021	7	20	368.01
00000008	2021	7	21	368.03
00000008	2021	7	22	368.05
00000008	2021	7	23	368.03
00000008	2021	7	24	368.02
00000008	2021	7	25	368
00000008	2021	7	26	368
00000008	2021	7	27	368
00000008	2021	7	28	368
00000008	2021	7	29	368
00000008	2021	7	30	368.01
00000008	2021	7	31	368.02
00000008	2021	8	1	368.03
00000008	2021	8	2	368.02
00000008	2021	8	3	367.98
00000008	2021	8	4	367.99
00000008	2021	8	5	368.05
00000008	2021	8	6	368.07
00000008	2021	8	7	368.07
00000008	2021	8	8	368.08
00000008	2021	8	9	368.12
00000008	2021	8	10	368.16
