00000003	2012	5	31	4.2
00000003	2012	6	14	3.63
00000003	2012	6	15	3.53
00000003	2012	6	16	3.54
00000003	2012	6	17	3.59
00000003	2012	6	18	3.63
00000003	2012	6	19	3.68
00000003	2012	6	20	3.73
00000003	2012	6	21	3.77
00000003	2012	6	22	3.77
00000003	2012	6	23	3.75
00000003	2012	6	24	3.75
00000003	2012	6	25	3.75
00000003	2012	6	26	3.83
00000003	2012	6	27	3.96
00000003	2012	6	28	4.09
00000003	2012	6	29	4.21
00000003	2012	6	30	4.3
00000003	2012	7	1	4.38
00000003	2012	7	2	4.47
00000003	2012	7	3	4.49
00000003	2012	7	4	4.25
00000003	2012	7	5	4.18
00000003	2012	7	6	4.01
00000003	2012	7	7	3.86
00000003	2012	7	8	3.9
00000003	2012	7	9	3.95
00000003	2012	7	10	3.98
00000003	2012	7	11	3.98
00000003	2012	7	12	4.04
00000003	2012	7	13	4.09
00000003	2012	7	14	4.03
00000003	2012	7	15	3.86
00000003	2012	7	16	3.91
00000003	2012	7	17	3.99
00000003	2012	7	18	4.06
00000003	2012	7	19	4.02
00000003	2012	7	20	3.9
00000003	2012	7	21	3.93
00000003	2012	7	22	3.98
00000003	2012	7	23	4.04
00000003	2012	7	24	4.09
00000003	2012	7	25	4.14
00000003	2012	7	26	4.19
00000003	2012	7	27	4.26
00000003	2012	7	28	4.27
00000003	2012	7	29	4.14
00000003	2012	7	30	4.12
00000003	2012	7	31	3.9
00000003	2012	8	1	3.91
00000003	2012	8	2	3.87
00000003	2012	8	3	3.74
00000003	2012	8	4	3.79
00000003	2012	8	5	3.84
00000003	2012	8	6	3.88
00000003	2012	8	7	3.88
00000003	2012	8	8	3.74
00000003	2012	8	9	3.73
00000003	2012	8	10	3.71
00000003	2012	8	11	3.77
00000003	2012	8	12	3.84
00000003	2012	8	13	3.86
00000003	2012	8	14	3.71
00000003	2012	8	15	3.7
00000003	2012	8	16	3.72
00000003	2012	8	17	3.62
00000003	2012	8	18	3.62
00000003	2012	8	19	3.61
00000003	2012	8	20	3.54
00000003	2012	8	21	3.57
00000003	2012	8	22	3.63
00000003	2012	8	23	3.69
00000003	2012	8	24	3.75
00000003	2012	8	25	3.8
00000003	2012	8	26	3.85
00000003	2012	8	27	3.9
00000003	2012	8	28	3.83
00000003	2012	8	29	3.31
00000003	2012	8	30	3.3
00000003	2012	8	31	3.51
00000003	2012	9	1	3.74
00000003	2012	9	2	3.84
00000003	2012	9	3	3.89
00000003	2012	9	4	3.82
00000003	2012	9	5	3.64
00000003	2012	9	6	3.68
00000003	2012	9	7	3.73
00000003	2012	9	8	3.75
00000003	2012	9	9	3.81
00000003	2012	9	10	3.9
00000003	2012	9	11	3.98
00000003	2012	9	12	4.01
00000003	2012	9	13	4.03
00000003	2012	9	14	4.09
00000003	2012	9	15	4.15
00000003	2012	9	16	4.2
00000003	2012	9	17	3.93
00000003	2012	9	18	3.74
00000003	2012	9	19	3.85
00000003	2012	9	20	3.97
00000003	2012	9	21	4.06
00000003	2012	9	22	4.14
00000003	2012	9	23	4.22
00000003	2012	9	24	4.31
00000003	2012	9	25	4.38
00000003	2012	9	26	4.42
00000003	2012	9	27	4.43
00000003	2012	9	28	4.48
00000003	2012	9	29	4.51
00000003	2012	9	30	4.3
00000003	2012	10	1	3.79
00000003	2012	10	2	3.8
00000003	2012	10	3	3.91
00000003	2012	10	4	3.99
00000003	2012	10	5	4.05
00000003	2012	10	6	4.08
00000003	2012	10	7	4.16
00000003	2012	10	8	4.24
00000003	2012	10	9	4.29
00000003	2012	10	10	4.36
00000003	2012	10	11	4.42
00000003	2012	10	12	4.48
00000003	2012	10	13	4.52
00000003	2012	10	14	4.53
00000003	2012	10	15	4.53
00000003	2012	10	16	4.59
00000003	2012	10	17	4.61
00000003	2012	10	18	4.55
00000003	2012	10	19	4.49
00000003	2012	10	20	4.59
00000003	2012	10	21	4.66
00000003	2012	10	22	4.72
00000003	2012	10	23	4.75
00000003	2012	10	24	4.76
00000003	2012	10	25	4.78
00000003	2012	10	26	4.81
00000003	2012	10	27	4.87
00000003	2012	10	28	4.97
00000003	2012	10	29	5.05
00000003	2012	10	30	5.1
00000003	2012	10	31	5.14
00000003	2012	11	1	5.14
00000003	2012	11	2	5.12
00000003	2012	11	3	5.11
00000003	2012	11	4	5.13
00000003	2012	11	5	5.16
00000003	2012	11	6	5.07
00000003	2012	11	7	5.07
00000003	2012	11	8	5.16
00000003	2012	11	9	5.23
00000003	2012	11	10	5.23
00000003	2012	11	11	5.2
00000003	2012	11	12	5.15
00000003	2012	11	13	5.2
00000003	2012	11	14	5.25
00000003	2012	11	15	5.27
00000003	2012	11	16	5.3
00000003	2012	11	17	5.32
00000003	2012	11	18	5.34
00000003	2012	11	19	5.36
00000003	2012	11	20	5.38
00000003	2012	11	21	5.39
00000003	2012	11	22	5.41
00000003	2012	11	23	5.42
00000003	2012	11	24	5.44
00000003	2012	11	25	5.45
00000003	2012	11	26	5.41
00000003	2012	11	27	5.32
00000003	2012	11	28	5.23
00000003	2012	11	29	5.27
00000003	2012	11	30	5.3
00000003	2012	12	1	5.31
00000003	2012	12	2	5.32
00000003	2012	12	3	5.35
00000003	2012	12	4	5.36
00000003	2012	12	5	5.36
00000003	2012	12	6	5.38
00000003	2012	12	7	5.38
00000003	2012	12	8	5.31
00000003	2012	12	9	5.29
00000003	2012	12	10	5.27
00000003	2012	12	11	5.28
00000003	2012	12	12	5.34
00000003	2012	12	13	5.42
00000003	2012	12	14	5.47
00000003	2012	12	15	5.47
00000003	2012	12	16	5.43
00000003	2012	12	17	5.35
00000003	2012	12	18	5.29
00000003	2012	12	19	5.33
00000003	2012	12	20	5.28
00000003	2012	12	21	5.26
00000003	2012	12	22	5.36
00000003	2012	12	23	5.38
00000003	2012	12	24	5.32
00000003	2012	12	25	5.25
00000003	2012	12	26	5.13
00000003	2012	12	27	5.19
00000003	2012	12	28	5.23
00000003	2012	12	29	5.14
00000003	2012	12	30	5.2
00000003	2012	12	31	5.25
00000003	2013	1	1	5.2
00000003	2013	1	2	5.17
00000003	2013	1	3	5.18
00000003	2013	1	4	5.18
00000003	2013	1	5	5.21
00000003	2013	1	6	5.23
00000003	2013	1	7	5.25
00000003	2013	1	8	5.24
00000003	2013	1	9	5.23
00000003	2013	1	10	5.19
00000003	2013	1	11	5.07
00000003	2013	1	12	5.05
00000003	2013	1	13	5.05
00000003	2013	1	14	5.05
00000003	2013	1	15	5.07
00000003	2013	1	16	4.97
00000003	2013	1	17	4.9
00000003	2013	1	18	5.02
00000003	2013	1	19	5.06
00000003	2013	1	20	5.04
00000003	2013	1	21	5.03
00000003	2013	1	22	5.07
00000003	2013	1	23	5.09
00000003	2013	1	24	5.11
00000003	2013	1	25	5.14
00000003	2013	1	26	5.15
00000003	2013	1	27	5.17
00000003	2013	1	28	5.17
00000003	2013	1	29	5.14
00000003	2013	1	30	5.03
00000003	2013	1	31	5.03
00000003	2013	2	1	5.19
00000003	2013	2	2	5.26
00000003	2013	2	3	5.26
00000003	2013	2	4	5.27
00000003	2013	2	5	5.19
00000003	2013	2	6	5.09
00000003	2013	2	7	4.82
00000003	2013	2	8	4.53
00000003	2013	2	9	4.58
00000003	2013	2	10	4.6
00000003	2013	2	11	4.49
00000003	2013	2	12	4.41
00000003	2013	2	13	4.36
00000003	2013	2	14	4.4
00000003	2013	2	15	4.47
00000003	2013	2	16	4.56
00000003	2013	2	17	4.69
00000003	2013	2	18	4.74
00000003	2013	2	19	4.6
00000003	2013	2	20	4.53
00000003	2013	2	21	4.56
00000003	2013	2	22	4.42
00000003	2013	2	23	4.09
00000003	2013	2	24	4.06
00000003	2013	2	25	3.62
00000003	2013	2	26	3.35
00000003	2013	2	27	3.5
00000003	2013	2	28	3.64
00000003	2013	3	1	3.75
00000003	2013	3	2	3.83
00000003	2013	3	3	3.91
00000003	2013	3	4	3.96
00000003	2013	3	5	3.93
00000003	2013	3	6	3.94
00000003	2013	3	7	4.02
00000003	2013	3	8	4.06
00000003	2013	3	9	4.06
00000003	2013	3	10	4.02
00000003	2013	3	11	3.84
00000003	2013	3	12	3.7
00000003	2013	3	13	3.81
00000003	2013	3	14	3.93
00000003	2013	3	15	3.99
00000003	2013	3	16	4
00000003	2013	3	17	3.99
00000003	2013	3	18	3.97
00000003	2013	3	19	3.99
00000003	2013	3	20	4.07
00000003	2013	3	21	4.12
00000003	2013	3	22	4.17
00000003	2013	3	23	4.14
00000003	2013	3	24	4.1
00000003	2013	3	25	4.22
00000003	2013	3	26	4.38
00000003	2013	3	27	4.49
00000003	2013	3	28	4.52
00000003	2013	3	29	4.54
00000003	2013	3	30	4.53
00000003	2013	3	31	4.52
00000003	2013	4	1	4.53
00000003	2013	4	2	4.58
00000003	2013	4	3	4.44
00000003	2013	4	4	4.14
00000003	2013	4	5	4.17
00000003	2013	4	6	4.28
00000003	2013	4	7	4.34
00000003	2013	4	8	4.38
00000003	2013	4	9	4.41
00000003	2013	4	10	4.44
00000003	2013	4	11	4.38
00000003	2013	4	12	4.05
00000003	2013	4	13	4.11
00000003	2013	4	14	4.05
00000003	2013	4	15	3.93
00000003	2013	4	16	3.99
00000003	2013	4	17	4.07
00000003	2013	4	18	4.1
00000003	2013	4	19	4.1
00000003	2013	4	20	4.17
00000003	2013	4	21	4.26
00000003	2013	4	22	4.29
00000003	2013	4	23	4.31
00000003	2013	4	24	4.32
00000003	2013	4	25	4.34
00000003	2013	4	26	4.41
00000003	2013	4	27	4.46
00000003	2013	4	28	4.49
00000003	2013	4	29	4.5
00000003	2013	4	30	4.51
00000003	2013	5	1	4.52
00000003	2013	5	2	4.24
00000003	2013	5	3	4
00000003	2013	5	4	4
00000003	2013	5	5	4.11
00000003	2013	5	6	4.22
00000003	2013	5	7	4.31
00000003	2013	5	8	4.37
00000003	2013	5	9	4.44
00000003	2013	5	10	4.46
00000003	2013	5	11	4.45
00000003	2013	5	12	4.46
00000003	2013	5	13	4.56
00000003	2013	5	14	4.64
00000003	2013	5	15	4.71
00000003	2013	5	16	4.76
00000003	2013	5	17	4.78
00000003	2013	5	18	4.82
00000003	2013	5	19	4.86
00000003	2013	5	20	4.91
00000003	2013	5	21	4.95
00000003	2013	5	22	4.99
00000003	2013	5	23	5.03
00000003	2013	5	24	5.12
00000003	2013	5	25	5.22
00000003	2013	5	26	5.25
00000003	2013	5	27	5.27
00000003	2013	5	28	5.29
00000003	2013	5	29	5.3
00000003	2013	5	30	5.3
00000003	2013	5	31	5.31
00000003	2013	6	1	5.33
00000003	2013	6	2	5.38
00000003	2013	6	3	5.37
00000003	2013	6	4	5.28
00000003	2013	6	5	5.32
00000003	2013	6	6	5.36
00000003	2013	6	7	5.38
00000003	2013	6	8	5.47
00000003	2013	6	9	5
00000003	2013	6	10	4.43
00000003	2013	6	11	4.35
00000003	2013	6	12	4.42
00000003	2013	6	13	4.51
00000003	2013	6	14	4.6
00000003	2013	6	15	4.71
00000003	2013	6	16	4.75
00000003	2013	6	17	4.77
00000003	2013	6	18	4.64
00000003	2013	6	19	4.3
00000003	2013	6	20	4.3
00000003	2013	6	21	4.38
00000003	2013	6	22	4.44
00000003	2013	6	23	4.45
00000003	2013	6	24	4.33
00000003	2013	6	25	4.38
00000003	2013	6	26	4.45
00000003	2013	6	27	4.51
00000003	2013	6	28	4.59
00000003	2013	6	29	4.64
00000003	2013	6	30	4.68
00000003	2013	7	1	4.73
00000003	2013	7	2	4.8
00000003	2013	7	3	4.85
00000003	2013	7	4	3.83
00000003	2013	7	5	3.41
00000003	2013	7	6	3.31
00000003	2013	7	7	3.33
00000003	2013	7	8	3.41
00000003	2013	7	9	3.49
00000003	2013	7	10	3.54
00000003	2013	7	11	3.49
00000003	2013	7	12	3.49
00000003	2013	7	13	3.46
00000003	2013	7	14	3.43
00000003	2013	7	15	3.49
00000003	2013	7	16	3.53
00000003	2013	7	17	3.58
00000003	2013	7	18	3.63
00000003	2013	7	19	3.67
00000003	2013	7	20	3.49
00000003	2013	7	21	3.42
00000003	2013	7	22	3.37
00000003	2013	7	23	3.29
00000003	2013	7	24	3.41
00000003	2013	7	25	3.45
00000003	2013	7	26	3.55
00000003	2013	7	27	3.6
00000003	2013	7	28	3.45
00000003	2013	7	29	3.47
00000003	2013	7	30	3.56
00000003	2013	7	31	3.59
00000003	2013	8	1	3.47
00000003	2013	8	2	3.41
00000003	2013	8	3	3.49
00000003	2013	8	4	3.57
00000003	2013	8	5	3.65
00000003	2013	8	6	3.68
00000003	2013	8	7	3.66
00000003	2013	8	8	3.72
00000003	2013	8	9	3.73
00000003	2013	8	10	3.76
00000003	2013	8	11	3.81
00000003	2013	8	12	3.86
00000003	2013	8	13	3.83
00000003	2013	8	14	3.81
00000003	2013	8	15	3.84
00000003	2013	8	16	3.81
00000003	2013	8	17	3.51
00000003	2013	8	18	3.15
00000003	2013	8	19	3.16
00000003	2013	8	20	3.26
00000003	2013	8	21	3.33
00000003	2013	8	22	3.4
00000003	2013	8	23	3.44
00000003	2013	8	24	3.37
00000003	2013	8	25	3.34
00000003	2013	8	26	3.4
00000003	2013	8	27	3.46
00000003	2013	8	28	3.52
00000003	2013	8	29	3.59
00000003	2013	8	30	3.66
00000003	2013	8	31	3.71
00000003	2013	9	1	3.74
00000003	2013	9	2	3.78
00000003	2013	9	3	3.75
00000003	2013	9	4	3.74
00000003	2013	9	5	3.82
00000003	2013	9	6	3.88
00000003	2013	9	7	3.94
00000003	2013	9	8	3.98
00000003	2013	9	9	4.04
00000003	2013	9	10	4.11
00000003	2013	9	11	4.17
00000003	2013	9	12	4.22
00000003	2013	9	13	4.26
00000003	2013	9	14	4.32
00000003	2013	9	15	4.4
00000003	2013	9	16	4.45
00000003	2013	9	17	4.3
00000003	2013	9	18	4.35
00000003	2013	9	19	4.39
00000003	2013	9	20	4.43
00000003	2013	9	21	4.32
00000003	2013	9	22	4.07
00000003	2013	9	23	4.08
00000003	2013	9	24	3.97
00000003	2013	9	25	3.4
00000003	2013	9	26	3.47
00000003	2013	9	27	3.56
00000003	2013	9	28	3.63
00000003	2013	9	29	3.68
00000003	2013	9	30	3.72
00000003	2013	10	1	3.76
00000003	2013	10	2	3.79
00000003	2013	10	3	3.78
00000003	2013	10	4	3.65
00000003	2013	10	5	3.69
00000003	2013	10	6	3.57
00000003	2013	10	7	3.34
00000003	2013	10	8	3.46
00000003	2013	10	9	3.57
00000003	2013	10	10	3.63
00000003	2013	10	11	3.68
00000003	2013	10	12	3.74
00000003	2013	10	13	3.79
00000003	2013	10	14	3.84
00000003	2013	10	15	3.86
00000003	2013	10	16	3.88
00000003	2013	10	17	3.9
00000003	2013	10	18	3.95
00000003	2013	10	19	3.98
00000003	2013	10	20	4.02
00000003	2013	10	21	4.07
00000003	2013	10	22	4.07
00000003	2013	10	23	4.14
00000003	2013	10	24	4.24
00000003	2013	10	25	4.34
00000003	2013	10	26	4.41
00000003	2013	10	27	4.43
00000003	2013	10	28	4.43
00000003	2013	10	29	4.45
00000003	2013	10	30	4.45
00000003	2013	10	31	4.43
00000003	2013	11	1	4.25
00000003	2013	11	2	4.14
00000003	2013	11	3	4.29
00000003	2013	11	4	4.4
00000003	2013	11	5	4.46
00000003	2013	11	6	4.47
00000003	2013	11	7	4.48
00000003	2013	11	8	4.57
00000003	2013	11	9	4.64
00000003	2013	11	10	4.65
00000003	2013	11	11	4.69
00000003	2013	11	12	4.72
00000003	2013	11	13	4.84
00000003	2013	11	14	4.86
00000003	2013	11	15	4.78
00000003	2013	11	16	4.62
00000003	2013	11	17	4.56
00000003	2013	11	18	4.35
00000003	2013	11	19	4.25
00000003	2013	11	20	4.34
00000003	2013	11	21	4.38
00000003	2013	11	22	4.43
00000003	2013	11	23	4.46
00000003	2013	11	24	4.56
00000003	2013	11	25	4.61
00000003	2013	11	26	4.19
00000003	2013	11	27	3.99
00000003	2013	11	28	4.17
00000003	2013	11	29	4.28
00000003	2013	11	30	4.31
00000003	2013	12	1	4.33
00000003	2013	12	2	4.31
00000003	2013	12	3	4.3
00000003	2013	12	4	4.26
00000003	2013	12	5	4.14
00000003	2013	12	6	4.13
00000003	2013	12	7	4.2
00000003	2013	12	8	4.27
00000003	2013	12	9	4.28
00000003	2013	12	10	4.31
00000003	2013	12	11	4.4
00000003	2013	12	12	4.46
00000003	2013	12	13	4.51
00000003	2013	12	14	4.46
00000003	2013	12	15	4.44
00000003	2013	12	16	4.53
00000003	2013	12	17	4.6
00000003	2013	12	18	4.65
00000003	2013	12	19	4.67
00000003	2013	12	20	4.65
00000003	2013	12	21	4.59
00000003	2013	12	22	4.52
00000003	2013	12	23	4.38
00000003	2013	12	24	4.47
00000003	2013	12	25	4.58
00000003	2013	12	26	4.61
00000003	2013	12	27	4.64
00000003	2013	12	28	4.53
00000003	2013	12	29	4.15
00000003	2013	12	30	4.14
00000003	2013	12	31	4.2
00000003	2014	1	1	4.23
00000003	2014	1	2	4.17
00000003	2014	1	3	4.21
00000003	2014	1	4	4.28
00000003	2014	1	5	4.25
00000003	2014	1	6	4.25
00000003	2014	1	7	4.4
00000003	2014	1	8	4.49
00000003	2014	1	9	4.47
00000003	2014	1	10	4.4
00000003	2014	1	11	4.14
00000003	2014	1	12	4.01
00000003	2014	1	13	4
00000003	2014	1	14	3.83
00000003	2014	1	15	3.89
00000003	2014	1	16	4
00000003	2014	1	17	4.05
00000003	2014	1	18	4.11
00000003	2014	1	19	4.13
00000003	2014	1	20	4.14
00000003	2014	1	21	4.13
00000003	2014	1	22	4.2
00000003	2014	1	23	4.26
00000003	2014	1	24	4.32
00000003	2014	1	25	4.3
00000003	2014	1	26	4.28
00000003	2014	1	27	4.2
00000003	2014	1	28	4.16
00000003	2014	1	29	4.18
00000003	2014	1	30	4.22
00000003	2014	1	31	4.21
00000003	2014	2	1	4.2
00000003	2014	2	2	4.18
00000003	2014	2	3	4.16
00000003	2014	2	4	4.19
00000003	2014	2	5	4.2
00000003	2014	2	6	4.29
00000003	2014	2	7	4.36
00000003	2014	2	8	4.32
00000003	2014	2	9	4.31
00000003	2014	2	10	4.32
00000003	2014	2	11	4.31
00000003	2014	2	12	3.91
00000003	2014	2	13	3.76
00000003	2014	2	14	3.84
00000003	2014	2	15	3.91
00000003	2014	2	16	3.98
00000003	2014	2	17	4
00000003	2014	2	18	4.01
00000003	2014	2	19	4.01
00000003	2014	2	20	3.99
00000003	2014	2	21	3.74
00000003	2014	2	22	3.72
00000003	2014	2	23	3.52
00000003	2014	2	24	3.44
00000003	2014	2	25	3.54
00000003	2014	2	26	3.45
00000003	2014	2	27	3.51
00000003	2014	2	28	3.59
00000003	2014	3	1	3.65
00000003	2014	3	2	3.69
00000003	2014	3	3	3.72
00000003	2014	3	4	3.78
00000003	2014	3	5	3.79
00000003	2014	3	6	3.61
00000003	2014	3	7	3.58
00000003	2014	3	8	3.68
00000003	2014	3	9	3.75
00000003	2014	3	10	3.79
00000003	2014	3	11	3.79
00000003	2014	3	12	3.77
00000003	2014	3	13	3.87
00000003	2014	3	14	3.95
00000003	2014	3	15	3.94
00000003	2014	3	16	3.68
00000003	2014	3	17	3.4
00000003	2014	3	18	3.49
00000003	2014	3	19	3.6
00000003	2014	3	20	3.68
00000003	2014	3	21	3.74
00000003	2014	3	22	3.78
00000003	2014	3	23	3.8
00000003	2014	3	24	3.84
00000003	2014	3	25	3.87
00000003	2014	3	26	3.97
00000003	2014	3	27	3.98
00000003	2014	3	28	3.63
00000003	2014	3	29	3.23
00000003	2014	3	30	3.37
00000003	2014	3	31	3.51
00000003	2014	4	1	3.58
00000003	2014	4	2	3.6
00000003	2014	4	3	3.62
00000003	2014	4	4	3.63
00000003	2014	4	5	3.64
00000003	2014	4	6	3.58
00000003	2014	4	7	3.41
00000003	2014	4	8	3.38
00000003	2014	4	9	3.51
00000003	2014	4	10	3.66
00000003	2014	4	11	3.71
00000003	2014	4	12	3.73
00000003	2014	4	13	3.74
00000003	2014	4	14	3.69
00000003	2014	4	15	3.26
00000003	2014	4	16	3.35
00000003	2014	4	17	3.43
00000003	2014	4	18	3.18
00000003	2014	4	19	3.22
00000003	2014	4	20	3.34
00000003	2014	4	21	3.43
00000003	2014	4	22	3.47
00000003	2014	4	23	3.51
00000003	2014	4	24	3.56
00000003	2014	4	25	3.59
00000003	2014	4	26	3.63
00000003	2014	4	27	3.66
00000003	2014	4	28	3.65
00000003	2014	4	29	3.18
00000003	2014	4	30	2.09
00000003	2014	5	1	2.24
00000003	2014	5	2	2.73
00000003	2014	5	3	3.03
00000003	2014	5	4	3.18
00000003	2014	5	5	3.29
00000003	2014	5	6	3.35
00000003	2014	5	7	3.4
00000003	2014	5	8	3.44
00000003	2014	5	9	3.44
00000003	2014	5	10	3.42
00000003	2014	5	11	3.45
00000003	2014	5	12	3.5
00000003	2014	5	13	3.55
00000003	2014	5	14	3.47
00000003	2014	5	15	3.24
00000003	2014	5	16	3.38
00000003	2014	5	17	3.5
00000003	2014	5	18	3.59
00000003	2014	5	19	3.64
00000003	2014	5	20	3.69
00000003	2014	5	21	3.72
00000003	2014	5	22	3.77
00000003	2014	5	23	3.84
00000003	2014	5	24	3.92
00000003	2014	5	25	3.99
00000003	2014	5	26	4.05
00000003	2014	5	27	4.09
00000003	2014	5	28	4.09
00000003	2014	5	29	3.88
00000003	2014	5	30	3.61
00000003	2014	5	31	3.55
00000003	2014	6	1	3.62
00000003	2014	6	2	3.68
00000003	2014	6	3	3.67
00000003	2014	6	4	3.7
00000003	2014	6	5	3.77
00000003	2014	6	6	3.85
00000003	2014	6	7	3.94
00000003	2014	6	8	4.02
00000003	2014	6	9	4.1
00000003	2014	6	10	4.13
00000003	2014	6	11	3.74
00000003	2014	6	12	3.71
00000003	2014	6	13	3.62
00000003	2014	6	14	3.53
00000003	2014	6	15	3.61
00000003	2014	6	16	3.7
00000003	2014	6	17	3.77
00000003	2014	6	18	3.84
00000003	2014	6	19	3.89
00000003	2014	6	20	3.85
00000003	2014	6	21	3.61
00000003	2014	6	22	3.63
00000003	2014	6	23	3.56
00000003	2014	6	24	3.61
00000003	2014	6	25	3.6
00000003	2014	6	26	3.65
00000003	2014	6	27	3.7
00000003	2014	6	28	3.73
00000003	2014	6	29	3.78
00000003	2014	6	30	3.86
00000003	2014	7	1	3.94
00000003	2014	7	2	4.01
00000003	2014	7	3	4.09
00000003	2014	7	4	4.17
00000003	2014	7	5	4.26
00000003	2014	7	6	4.32
00000003	2014	7	7	4.38
00000003	2014	7	8	4.45
00000003	2014	7	9	4.51
00000003	2014	7	10	4.52
00000003	2014	7	11	4.4
00000003	2014	7	12	4.44
00000003	2014	7	13	4.5
00000003	2014	7	14	4.5
00000003	2014	7	15	4.42
00000003	2014	7	16	4.28
00000003	2014	7	17	4.39
00000003	2014	7	18	4.46
00000003	2014	7	19	4.04
00000003	2014	7	20	3.78
00000003	2014	7	21	3.74
00000003	2014	7	22	3.64
00000003	2014	7	23	3.62
00000003	2014	7	24	3.64
00000003	2014	7	25	3.64
00000003	2014	7	26	3.71
00000003	2014	7	27	3.78
00000003	2014	7	28	3.84
00000003	2014	7	29	3.91
00000003	2014	7	30	4
00000003	2014	7	31	4.06
00000003	2014	8	1	4.12
00000003	2014	8	2	4.18
00000003	2014	8	3	4.23
00000003	2014	8	4	4.28
00000003	2014	8	5	4.34
00000003	2014	8	6	4.4
00000003	2014	8	7	4.45
00000003	2014	8	8	4.47
00000003	2014	8	9	4.46
00000003	2014	8	10	4.52
00000003	2014	8	11	4.59
00000003	2014	8	12	4.65
00000003	2014	8	13	4.7
00000003	2014	8	14	4.76
00000003	2014	8	15	4.8
00000003	2014	8	16	4.85
00000003	2014	8	17	4.9
00000003	2014	8	18	4.95
00000003	2014	8	19	4.99
00000003	2014	8	20	5.04
00000003	2014	8	21	5.08
00000003	2014	8	22	5.13
00000003	2014	8	23	5.17
00000003	2014	8	24	5.19
00000003	2014	8	25	5.22
00000003	2014	8	26	5.2
00000003	2014	8	27	5.2
00000003	2014	8	28	5.22
00000003	2014	8	29	5.23
00000003	2014	8	30	5.21
00000003	2014	8	31	5.21
00000003	2014	9	1	5.23
00000003	2014	9	2	5.25
00000003	2014	9	3	5.3
00000003	2014	9	4	5.33
00000003	2014	9	5	5.34
00000003	2014	9	6	5.38
00000003	2014	9	7	5.4
00000003	2014	9	8	5.26
00000003	2014	9	9	5.09
00000003	2014	9	10	5.07
00000003	2014	9	11	5.1
00000003	2014	9	12	5.16
00000003	2014	9	13	5.18
00000003	2014	9	14	4.94
00000003	2014	9	15	4.81
00000003	2014	9	16	4.28
00000003	2014	9	17	3.89
00000003	2014	9	18	3.93
00000003	2014	9	19	3.99
00000003	2014	9	20	4.04
00000003	2014	9	21	4.1
00000003	2014	9	22	4.17
00000003	2014	9	23	4.26
00000003	2014	9	24	4.31
00000003	2014	9	25	4.37
00000003	2014	9	26	4.43
00000003	2014	9	27	4.46
00000003	2014	9	28	4.42
00000003	2014	9	29	4.32
00000003	2014	9	30	4.23
00000003	2014	10	1	4.3
00000003	2014	10	2	4.37
00000003	2014	10	3	4.32
00000003	2014	10	4	4.33
00000003	2014	10	5	4.47
00000003	2014	10	6	4.54
00000003	2014	10	7	4.56
00000003	2014	10	8	4.59
00000003	2014	10	9	4.62
00000003	2014	10	10	4.65
00000003	2014	10	11	4.68
00000003	2014	10	12	4.72
00000003	2014	10	13	4.68
00000003	2014	10	14	4.05
00000003	2014	10	15	3.97
00000003	2014	10	16	4.09
00000003	2014	10	17	4.19
00000003	2014	10	18	4.26
00000003	2014	10	19	4.34
00000003	2014	10	20	4.38
00000003	2014	10	21	4.42
00000003	2014	10	22	4.47
00000003	2014	10	23	4.53
00000003	2014	10	24	4.58
00000003	2014	10	25	4.64
00000003	2014	10	26	4.69
00000003	2014	10	27	4.72
00000003	2014	10	28	4.72
00000003	2014	10	29	4.72
00000003	2014	10	30	4.75
00000003	2014	10	31	4.8
00000003	2014	11	1	4.92
00000003	2014	11	2	5.03
00000003	2014	11	3	5.07
00000003	2014	11	4	5.04
00000003	2014	11	5	5
00000003	2014	11	6	4.98
00000003	2014	11	7	5
00000003	2014	11	8	5.03
00000003	2014	11	9	5.04
00000003	2014	11	10	5.08
00000003	2014	11	11	5.11
00000003	2014	11	12	5.12
00000003	2014	11	13	5.15
00000003	2014	11	14	5.2
00000003	2014	11	15	5.23
00000003	2014	11	16	5.19
00000003	2014	11	17	4.99
00000003	2014	11	18	5.01
00000003	2014	11	19	5.1
00000003	2014	11	20	5.13
00000003	2014	11	21	5.15
00000003	2014	11	22	5.14
00000003	2014	11	23	5.01
00000003	2014	11	24	4.82
00000003	2014	11	25	4.86
00000003	2014	11	26	4.97
00000003	2014	11	27	5.11
00000003	2014	11	28	5.22
00000003	2014	11	29	5.23
00000003	2014	11	30	5.2
00000003	2014	12	1	5.18
00000003	2014	12	2	5.17
00000003	2014	12	3	5.16
00000003	2014	12	4	5.17
00000003	2014	12	5	5.17
00000003	2014	12	6	5.15
00000003	2014	12	7	5.14
00000003	2014	12	8	5.18
00000003	2014	12	9	5.22
00000003	2014	12	10	5.29
00000003	2014	12	11	5.33
00000003	2014	12	12	5.34
00000003	2014	12	13	5.34
00000003	2014	12	14	5.35
00000003	2014	12	15	5.32
00000003	2014	12	16	5.3
00000003	2014	12	17	5.35
00000003	2014	12	18	5.38
00000003	2014	12	19	5.34
00000003	2014	12	20	5.15
00000003	2014	12	21	5.03
00000003	2014	12	22	4.97
00000003	2014	12	23	4.87
00000003	2014	12	24	4.61
00000003	2014	12	25	4.59
00000003	2014	12	26	4.7
00000003	2014	12	27	4.69
00000003	2014	12	28	4.51
00000003	2014	12	29	4.4
00000003	2014	12	30	4.42
00000003	2014	12	31	4.5
00000003	2015	1	1	4.54
00000003	2015	1	2	4.53
00000003	2015	1	3	4.52
00000003	2015	1	4	4.38
00000003	2015	1	5	4.42
00000003	2015	1	6	4.51
00000003	2015	1	7	4.58
00000003	2015	1	8	4.69
00000003	2015	1	9	4.72
00000003	2015	1	10	4.72
00000003	2015	1	11	4.72
00000003	2015	1	12	4.67
00000003	2015	1	13	4.68
00000003	2015	1	14	4.71
00000003	2015	1	15	4.64
00000003	2015	1	16	4.47
00000003	2015	1	17	4.47
00000003	2015	1	18	4.49
00000003	2015	1	19	4.52
00000003	2015	1	20	4.54
00000003	2015	1	21	4.55
00000003	2015	1	22	4.58
00000003	2015	1	23	4.01
00000003	2015	1	24	3.83
00000003	2015	1	25	3.93
00000003	2015	1	26	4
00000003	2015	1	27	4.08
00000003	2015	1	28	4.15
00000003	2015	1	29	4.18
00000003	2015	1	30	4.18
00000003	2015	1	31	4.22
00000003	2015	2	1	4.15
00000003	2015	2	2	4.02
00000003	2015	2	3	4.11
00000003	2015	2	4	4.1
00000003	2015	2	5	3.94
00000003	2015	2	6	4.01
00000003	2015	2	7	4.07
00000003	2015	2	8	4.07
00000003	2015	2	9	4.06
00000003	2015	2	10	4.11
00000003	2015	2	11	4.19
00000003	2015	2	12	4.23
00000003	2015	2	13	4.29
00000003	2015	2	14	4.32
00000003	2015	2	15	4.33
00000003	2015	2	16	4.3
00000003	2015	2	17	4.24
00000003	2015	2	18	4.29
00000003	2015	2	19	4.41
00000003	2015	2	20	4.49
00000003	2015	2	21	4.43
00000003	2015	2	22	4.31
00000003	2015	2	23	4.3
00000003	2015	2	24	4.3
00000003	2015	2	25	4.19
00000003	2015	2	26	3.93
00000003	2015	2	27	4.03
00000003	2015	2	28	4.11
00000003	2015	3	1	4.12
00000003	2015	3	2	4.11
00000003	2015	3	3	4.12
00000003	2015	3	4	4.12
00000003	2015	3	5	4.12
00000003	2015	3	6	4.27
00000003	2015	3	7	4.34
00000003	2015	3	8	4.36
00000003	2015	3	9	4.34
00000003	2015	3	10	4.31
00000003	2015	3	11	4.31
00000003	2015	3	12	4.33
00000003	2015	3	13	4.32
00000003	2015	3	14	4.28
00000003	2015	3	15	4.34
00000003	2015	3	16	4.41
00000003	2015	3	17	4.46
00000003	2015	3	18	4.51
00000003	2015	3	19	4.54
00000003	2015	3	20	4.55
00000003	2015	3	21	4.6
00000003	2015	3	22	4.41
00000003	2015	3	23	4.17
00000003	2015	3	24	4.22
00000003	2015	3	25	4.27
00000003	2015	3	26	4.27
00000003	2015	3	27	4.28
00000003	2015	3	28	4.41
00000003	2015	3	29	4.51
00000003	2015	3	30	4.55
00000003	2015	3	31	4.57
00000003	2015	4	1	4.6
00000003	2015	4	2	4.65
00000003	2015	4	3	4.68
00000003	2015	4	4	4.72
00000003	2015	4	5	4.79
00000003	2015	4	6	4.79
00000003	2015	4	7	4.8
00000003	2015	4	8	4.84
00000003	2015	4	9	4.86
00000003	2015	4	10	4.87
00000003	2015	4	11	4.81
00000003	2015	4	12	4.82
00000003	2015	4	13	4.05
00000003	2015	4	14	3.72
00000003	2015	4	15	3.62
00000003	2015	4	16	3.61
00000003	2015	4	17	3.56
00000003	2015	4	18	3.58
00000003	2015	4	19	3.46
00000003	2015	4	20	3.43
00000003	2015	4	21	3.56
00000003	2015	4	22	3.65
00000003	2015	4	23	3.71
00000003	2015	4	24	3.76
00000003	2015	4	25	3.74
00000003	2015	4	26	3.72
00000003	2015	4	27	3.71
00000003	2015	4	28	3.62
00000003	2015	4	29	3.68
00000003	2015	4	30	3.77
00000003	2015	5	1	3.88
00000003	2015	5	2	3.97
00000003	2015	5	3	4.02
00000003	2015	5	4	4.04
00000003	2015	5	5	4.07
00000003	2015	5	6	4.1
00000003	2015	5	7	4.14
00000003	2015	5	8	4.21
00000003	2015	5	9	4.29
00000003	2015	5	10	4.39
00000003	2015	5	11	4.45
00000003	2015	5	12	4.51
00000003	2015	5	13	4.58
00000003	2015	5	14	4.65
00000003	2015	5	15	4.69
00000003	2015	5	16	4.68
00000003	2015	5	17	4.7
00000003	2015	5	18	4.76
00000003	2015	5	19	4.8
00000003	2015	5	20	4.86
00000003	2015	5	21	4.92
00000003	2015	5	22	4.9
00000003	2015	5	23	5
00000003	2015	5	24	5.05
00000003	2015	5	25	5
00000003	2015	5	26	4.78
00000003	2015	5	27	4.19
00000003	2015	5	28	3.99
00000003	2015	5	29	4.02
00000003	2015	5	30	4.1
00000003	2015	5	31	4.18
00000003	2015	6	1	4.24
00000003	2015	6	2	4.15
00000003	2015	6	3	4.13
00000003	2015	6	4	4.2
00000003	2015	6	5	4.26
00000003	2015	6	6	4.34
00000003	2015	6	7	4.42
00000003	2015	6	8	4.49
00000003	2015	6	9	4.39
00000003	2015	6	10	4.2
00000003	2015	6	11	4.24
00000003	2015	6	12	4.26
00000003	2015	6	13	4.34
00000003	2015	6	14	4.4
00000003	2015	6	15	4.48
00000003	2015	6	16	4.56
00000003	2015	6	17	4.65
00000003	2015	6	18	4.72
00000003	2015	6	19	4.79
00000003	2015	6	20	4.87
00000003	2015	6	21	4.96
00000003	2015	6	22	5.05
00000003	2015	6	23	5.12
00000003	2015	6	24	5.11
00000003	2015	6	25	5.05
00000003	2015	6	26	4.96
00000003	2015	6	27	4.96
00000003	2015	6	28	4.8
00000003	2015	6	29	4.77
00000003	2015	6	30	4.86
00000003	2015	7	1	4.95
00000003	2015	7	2	5.02
00000003	2015	7	3	5.07
00000003	2015	7	4	5.11
00000003	2015	7	5	5.14
00000003	2015	7	6	5.15
00000003	2015	7	7	5.22
00000003	2015	7	8	5.27
00000003	2015	7	9	5.32
00000003	2015	7	10	5.34
00000003	2015	7	11	5.38
00000003	2015	7	12	5.42
00000003	2015	7	13	5.45
00000003	2015	7	14	5.47
00000003	2015	7	15	5.51
00000003	2015	7	16	5.54
00000003	2015	7	17	5.34
00000003	2015	7	18	4.98
00000003	2015	7	19	4.9
00000003	2015	7	20	4.74
00000003	2015	7	21	4.77
00000003	2015	7	22	4.85
00000003	2015	7	23	4.94
00000003	2015	7	24	5.03
00000003	2015	7	25	5.09
00000003	2015	7	26	5.13
00000003	2015	7	27	5.17
00000003	2015	7	28	5.22
00000003	2015	7	29	5.28
00000003	2015	7	30	5.31
00000003	2015	7	31	5.14
00000003	2015	8	1	4.61
00000003	2015	8	2	4.6
00000003	2015	8	3	4.65
00000003	2015	8	4	4.77
00000003	2015	8	5	4.82
00000003	2015	8	6	4.84
00000003	2015	8	7	4.89
00000003	2015	8	8	4.96
00000003	2015	8	9	5.03
00000003	2015	8	10	5.08
00000003	2015	8	11	5.08
00000003	2015	8	12	5.05
00000003	2015	8	13	5.11
00000003	2015	8	14	5.19
00000003	2015	8	15	5.2
00000003	2015	8	16	5.01
00000003	2015	8	17	4.67
00000003	2015	8	18	4.35
00000003	2015	8	19	4.33
00000003	2015	8	20	4.34
00000003	2015	8	21	4.31
00000003	2015	8	22	4.28
00000003	2015	8	23	4.3
00000003	2015	8	24	4.3
00000003	2015	8	25	4.4
00000003	2015	8	26	4.5
00000003	2015	8	27	4.57
00000003	2015	8	28	4.64
00000003	2015	8	29	4.69
00000003	2015	8	30	4.73
00000003	2015	8	31	4.79
00000003	2015	9	1	4.86
00000003	2015	9	2	4.92
00000003	2015	9	3	4.97
00000003	2015	9	4	5.02
00000003	2015	9	5	5.03
00000003	2015	9	6	4.89
00000003	2015	9	7	4.9
00000003	2015	9	8	4.86
00000003	2015	9	9	4.85
00000003	2015	9	10	4.93
00000003	2015	9	11	4.98
00000003	2015	9	12	4.98
00000003	2015	9	13	5.04
00000003	2015	9	14	5.12
00000003	2015	9	15	5.16
00000003	2015	9	16	5.17
00000003	2015	9	17	5.17
00000003	2015	9	18	5.19
00000003	2015	9	19	5.24
00000003	2015	9	20	5.3
00000003	2015	9	21	5.36
00000003	2015	9	22	5.4
00000003	2015	9	23	5.42
00000003	2015	9	24	5.42
00000003	2015	9	25	5.43
00000003	2015	9	26	5.47
00000003	2015	9	27	5.47
00000003	2015	9	28	4.5
00000003	2015	9	29	4.06
00000003	2015	9	30	4.09
00000003	2015	10	1	4.18
00000003	2015	10	2	4.28
00000003	2015	10	3	4.36
00000003	2015	10	4	4.44
00000003	2015	10	5	4.51
00000003	2015	10	6	4.55
00000003	2015	10	7	4.57
00000003	2015	10	8	4.59
00000003	2015	10	9	4.6
00000003	2015	10	10	4.62
00000003	2015	10	11	4.68
00000003	2015	10	12	4.72
00000003	2015	10	13	4.75
00000003	2015	10	14	4.81
00000003	2015	10	15	4.89
00000003	2015	10	16	4.93
00000003	2015	10	17	5
00000003	2015	10	18	5.07
00000003	2015	10	19	5.1
00000003	2015	10	20	5.09
00000003	2015	10	21	5.09
00000003	2015	10	22	5.08
00000003	2015	10	23	5.1
00000003	2015	10	24	5.1
00000003	2015	10	25	5.08
00000003	2015	10	26	4.56
00000003	2015	10	27	3.6
00000003	2015	10	28	3.6
00000003	2015	10	29	3.78
00000003	2015	10	30	3.93
00000003	2015	10	31	3.99
00000003	2015	11	1	3.78
00000003	2015	11	2	3.57
00000003	2015	11	3	3.64
00000003	2015	11	4	3.76
00000003	2015	11	5	3.83
00000003	2015	11	6	3.86
00000003	2015	11	7	3.89
00000003	2015	11	8	3.6
00000003	2015	11	9	3.4
00000003	2015	11	10	3.49
00000003	2015	11	11	3.58
00000003	2015	11	12	3.65
00000003	2015	11	13	3.73
00000003	2015	11	14	3.81
00000003	2015	11	15	3.85
00000003	2015	11	16	3.83
00000003	2015	11	17	3.77
00000003	2015	11	18	3.36
00000003	2015	11	19	3.24
00000003	2015	11	20	3.4
00000003	2015	11	21	3.48
00000003	2015	11	22	3.57
00000003	2015	11	23	3.71
00000003	2015	11	24	3.8
00000003	2015	11	25	3.81
00000003	2015	11	26	3.78
00000003	2015	11	27	3.79
00000003	2015	11	28	3.81
00000003	2015	11	29	3.84
00000003	2015	11	30	3.86
00000003	2015	12	1	3.87
00000003	2015	12	2	3.8
00000003	2015	12	3	3.88
00000003	2015	12	4	4
00000003	2015	12	5	4.07
00000003	2015	12	6	4.11
00000003	2015	12	7	4.12
00000003	2015	12	8	4.14
00000003	2015	12	9	4.16
00000003	2015	12	10	4.17
00000003	2015	12	11	4.18
00000003	2015	12	12	4.2
00000003	2015	12	13	4.18
00000003	2015	12	14	4.08
00000003	2015	12	15	4.1
00000003	2015	12	16	4.15
00000003	2015	12	17	3.97
00000003	2015	12	18	3.95
00000003	2015	12	19	4.13
00000003	2015	12	20	4.22
00000003	2015	12	21	4.15
00000003	2015	12	22	3.62
00000003	2015	12	23	3.41
00000003	2015	12	24	3.42
00000003	2015	12	25	3.49
00000003	2015	12	26	3.57
00000003	2015	12	27	3.6
00000003	2015	12	28	3.4
00000003	2015	12	29	3.28
00000003	2015	12	30	3.25
00000003	2015	12	31	3.15
00000003	2016	1	1	3.29
00000003	2016	1	2	3.41
00000003	2016	1	3	3.47
00000003	2016	1	4	3.52
00000003	2016	1	5	3.6
00000003	2016	1	6	3.62
00000003	2016	1	7	3.59
00000003	2016	1	8	3.54
00000003	2016	1	9	3.47
00000003	2016	1	10	3.45
00000003	2016	1	11	3.6
00000003	2016	1	12	3.68
00000003	2016	1	13	3.73
00000003	2016	1	14	3.73
00000003	2016	1	15	3.61
00000003	2016	1	16	3.59
00000003	2016	1	17	3.66
00000003	2016	1	18	3.78
00000003	2016	1	19	3.88
00000003	2016	1	20	3.92
00000003	2016	1	21	3.76
00000003	2016	1	22	3.41
00000003	2016	1	23	3.54
00000003	2016	1	24	3.72
00000003	2016	1	25	3.78
00000003	2016	1	26	3.75
00000003	2016	1	27	3.65
00000003	2016	1	28	3.62
00000003	2016	1	29	3.67
00000003	2016	1	30	3.76
00000003	2016	1	31	3.76
00000003	2016	2	1	3.73
00000003	2016	2	2	3.72
00000003	2016	2	3	3.46
00000003	2016	2	4	3.4
00000003	2016	2	5	3.57
00000003	2016	2	6	3.69
00000003	2016	2	7	3.74
00000003	2016	2	8	3.76
00000003	2016	2	9	3.83
00000003	2016	2	10	3.91
00000003	2016	2	11	3.95
00000003	2016	2	12	3.95
00000003	2016	2	13	4
00000003	2016	2	14	4.02
00000003	2016	2	15	3.94
00000003	2016	2	16	3.76
00000003	2016	2	17	3.83
00000003	2016	2	18	3.94
00000003	2016	2	19	3.99
00000003	2016	2	20	3.99
00000003	2016	2	21	3.99
00000003	2016	2	22	3.98
00000003	2016	2	23	3.7
00000003	2016	2	24	3.26
00000003	2016	2	25	3.44
00000003	2016	2	26	3.63
00000003	2016	2	27	3.72
00000003	2016	2	28	3.74
00000003	2016	2	29	3.74
00000003	2016	3	1	3.74
00000003	2016	3	2	3.77
00000003	2016	3	3	3.82
00000003	2016	3	4	3.84
00000003	2016	3	5	3.91
00000003	2016	3	6	3.96
00000003	2016	3	7	4
00000003	2016	3	8	3.98
00000003	2016	3	9	3.93
00000003	2016	3	10	3.89
00000003	2016	3	11	3.75
00000003	2016	3	12	3.41
00000003	2016	3	13	3.4
00000003	2016	3	14	3.47
00000003	2016	3	15	3.56
00000003	2016	3	16	3.64
00000003	2016	3	17	3.67
00000003	2016	3	18	3.52
00000003	2016	3	19	3.32
00000003	2016	3	20	3.44
00000003	2016	3	21	3.6
00000003	2016	3	22	3.7
00000003	2016	3	23	3.72
00000003	2016	3	24	3.55
00000003	2016	3	25	3.34
00000003	2016	3	26	3.23
00000003	2016	3	27	3.12
00000003	2016	3	28	3.21
00000003	2016	3	29	3.34
00000003	2016	3	30	3.41
00000003	2016	3	31	3.41
00000003	2016	4	1	3.29
00000003	2016	4	2	3.16
00000003	2016	4	3	3.3
00000003	2016	4	4	3.4
00000003	2016	4	5	3.48
00000003	2016	4	6	3.52
00000003	2016	4	7	3.51
00000003	2016	4	8	3.56
00000003	2016	4	9	3.65
00000003	2016	4	10	3.72
00000003	2016	4	11	3.73
00000003	2016	4	12	3.63
00000003	2016	4	13	3.54
00000003	2016	4	14	3.35
00000003	2016	4	15	3.3
00000003	2016	4	16	3.35
00000003	2016	4	17	3.4
00000003	2016	4	18	3.44
00000003	2016	4	19	3.49
00000003	2016	4	20	3.55
00000003	2016	4	21	3.59
00000003	2016	4	22	3.55
00000003	2016	4	23	3.59
00000003	2016	4	24	3.68
00000003	2016	4	25	3.75
00000003	2016	4	26	3.79
00000003	2016	4	27	3.8
00000003	2016	4	28	3.79
00000003	2016	4	29	3.83
00000003	2016	4	30	3.87
00000003	2016	5	1	3.66
00000003	2016	5	2	3.64
00000003	2016	5	3	3.71
00000003	2016	5	4	3.8
00000003	2016	5	5	3.9
00000003	2016	5	6	4.03
00000003	2016	5	7	4.12
00000003	2016	5	8	4.18
00000003	2016	5	9	4.23
00000003	2016	5	10	4.23
00000003	2016	5	11	4.26
00000003	2016	5	12	4.31
00000003	2016	5	13	4.37
00000003	2016	5	14	4.45
00000003	2016	5	15	4.53
00000003	2016	5	16	4.59
00000003	2016	5	17	4.6
00000003	2016	5	18	4.6
00000003	2016	5	19	4.66
00000003	2016	5	20	4.24
00000003	2016	5	21	3.97
00000003	2016	5	22	4.07
00000003	2016	5	23	4.18
00000003	2016	5	24	4.27
00000003	2016	5	25	4.35
00000003	2016	5	26	4.41
00000003	2016	5	27	4.46
00000003	2016	5	28	4.49
00000003	2016	5	29	4.55
00000003	2016	5	30	4.6
00000003	2016	5	31	4.64
00000003	2016	6	1	4.7
00000003	2016	6	2	4.74
00000003	2016	6	3	4.78
00000003	2016	6	4	4.55
00000003	2016	6	5	4.21
00000003	2016	6	6	4.03
00000003	2016	6	7	3.97
00000003	2016	6	8	4.07
00000003	2016	6	9	4.25
00000003	2016	6	10	4.38
00000003	2016	6	11	4.49
00000003	2016	6	12	4.55
00000003	2016	6	13	4.55
00000003	2016	6	14	4.33
00000003	2016	6	15	3.84
00000003	2016	6	16	3.84
00000003	2016	6	17	3.89
00000003	2016	6	18	3.86
00000003	2016	6	19	3.95
00000003	2016	6	20	4.03
00000003	2016	6	21	4.09
00000003	2016	6	22	4.17
00000003	2016	6	23	4.24
00000003	2016	6	24	4.32
00000003	2016	6	25	4.41
00000003	2016	6	26	4.5
00000003	2016	6	27	4.51
00000003	2016	6	28	4.57
00000003	2016	6	29	4.63
00000003	2016	6	30	4.64
00000003	2016	7	1	4.67
00000003	2016	7	2	4.74
00000003	2016	7	3	4.82
00000003	2016	7	4	4.89
00000003	2016	7	5	4.97
00000003	2016	7	6	5.04
00000003	2016	7	7	5.09
00000003	2016	7	8	5.14
00000003	2016	7	9	5.17
00000003	2016	7	10	5.2
00000003	2016	7	11	5.18
00000003	2016	7	12	5.17
00000003	2016	7	13	5.18
00000003	2016	7	14	5.2
00000003	2016	7	15	5.23
00000003	2016	7	16	5.26
00000003	2016	7	17	5.29
00000003	2016	7	18	5.32
00000003	2016	7	19	5.35
00000003	2016	7	20	5.39
00000003	2016	7	21	5.42
00000003	2016	7	22	5.29
00000003	2016	7	23	5.01
00000003	2016	7	24	5
00000003	2016	7	25	4.96
00000003	2016	7	26	4.91
00000003	2016	7	27	4.94
00000003	2016	7	28	5.03
00000003	2016	7	29	5.04
00000003	2016	7	30	4.89
00000003	2016	7	31	4.9
00000003	2016	8	1	4.91
00000003	2016	8	2	4.83
00000003	2016	8	3	4.65
00000003	2016	8	4	4.59
00000003	2016	8	5	4.51
00000003	2016	8	6	4.42
00000003	2016	8	7	4.46
00000003	2016	8	8	4.29
00000003	2016	8	9	3.85
00000003	2016	8	10	3.62
00000003	2016	8	11	3.24
00000003	2016	8	12	3.22
00000003	2016	8	13	3.31
00000003	2016	8	14	3.4
00000003	2016	8	15	3.45
00000003	2016	8	16	3.51
00000003	2016	8	17	3.57
00000003	2016	8	18	3.61
00000003	2016	8	19	3.65
00000003	2016	8	20	3.7
00000003	2016	8	21	3.75
00000003	2016	8	22	3.83
00000003	2016	8	23	3.91
00000003	2016	8	24	3.98
00000003	2016	8	25	4.02
00000003	2016	8	26	4.07
00000003	2016	8	27	4.11
00000003	2016	8	28	4.14
00000003	2016	8	29	4.2
00000003	2016	8	30	4.25
00000003	2016	8	31	4.28
00000003	2016	9	1	4.27
00000003	2016	9	2	4.25
00000003	2016	9	3	4.32
00000003	2016	9	4	4.19
00000003	2016	9	5	4.23
00000003	2016	9	6	4.28
00000003	2016	9	7	4.34
00000003	2016	9	8	4.42
00000003	2016	9	9	4.48
00000003	2016	9	10	4.53
00000003	2016	9	11	4.58
00000003	2016	9	12	4.63
00000003	2016	9	13	4.67
00000003	2016	9	14	4.69
00000003	2016	9	15	4.75
00000003	2016	9	16	4.76
00000003	2016	9	17	4.53
00000003	2016	9	18	4.33
00000003	2016	9	19	4.35
00000003	2016	9	20	4.41
00000003	2016	9	21	4.49
00000003	2016	9	22	4.56
00000003	2016	9	23	4.63
00000003	2016	9	24	4.7
00000003	2016	9	25	4.75
00000003	2016	9	26	4.69
00000003	2016	9	27	4.44
00000003	2016	9	28	4.45
00000003	2016	9	29	4.54
00000003	2016	9	30	4.68
00000003	2016	10	1	4.76
00000003	2016	10	2	4.81
00000003	2016	10	3	4.85
00000003	2016	10	4	4.88
00000003	2016	10	5	4.91
00000003	2016	10	6	4.93
00000003	2016	10	7	4.97
00000003	2016	10	8	5.07
00000003	2016	10	9	5.15
00000003	2016	10	10	5.19
00000003	2016	10	11	5.19
00000003	2016	10	12	5.2
00000003	2016	10	13	5.22
00000003	2016	10	14	5.26
00000003	2016	10	15	5.27
00000003	2016	10	16	5.25
00000003	2016	10	17	5.24
00000003	2016	10	18	5.22
00000003	2016	10	19	5.24
00000003	2016	10	20	5.25
00000003	2016	10	21	5.29
00000003	2016	10	22	5.39
00000003	2016	10	23	5.46
00000003	2016	10	24	5.49
00000003	2016	10	25	5.49
00000003	2016	10	26	5.5
00000003	2016	10	27	5.49
00000003	2016	10	28	5.49
00000003	2016	10	29	5.5
00000003	2016	10	30	5.52
00000003	2016	10	31	5.54
00000003	2016	11	1	5.55
00000003	2016	11	2	5.55
00000003	2016	11	3	5.56
00000003	2016	11	4	5.57
00000003	2016	11	5	5.63
00000003	2016	11	6	5.65
00000003	2016	11	7	5.66
00000003	2016	11	8	5.63
00000003	2016	11	9	5.54
00000003	2016	11	10	5.54
00000003	2016	11	11	5.59
00000003	2016	11	12	5.63
00000003	2016	11	13	5.65
00000003	2016	11	14	5.64
00000003	2016	11	15	5.64
00000003	2016	11	16	5.67
00000003	2016	11	17	5.69
00000003	2016	11	18	5.72
00000003	2016	11	19	5.75
00000003	2016	11	20	5.82
00000003	2016	11	21	5.86
00000003	2016	11	22	5.88
00000003	2016	11	23	5.87
00000003	2016	11	24	5.85
00000003	2016	11	25	5.87
00000003	2016	11	26	5.9
00000003	2016	11	27	5.92
00000003	2016	11	28	5.89
00000003	2016	11	29	5.81
00000003	2016	11	30	5.75
00000003	2016	12	1	5.74
00000003	2016	12	2	5.83
00000003	2016	12	3	5.9
00000003	2016	12	4	5.68
00000003	2016	12	5	4.89
00000003	2016	12	6	4.24
00000003	2016	12	7	4.26
00000003	2016	12	8	4.37
00000003	2016	12	9	4.5
00000003	2016	12	10	4.57
00000003	2016	12	11	4.57
00000003	2016	12	12	4.52
00000003	2016	12	13	4.47
00000003	2016	12	14	4.16
00000003	2016	12	15	4.18
00000003	2016	12	16	4.25
00000003	2016	12	17	4.24
00000003	2016	12	18	4.23
00000003	2016	12	19	3.88
00000003	2016	12	20	3.9
00000003	2016	12	21	3.94
00000003	2016	12	22	3.98
00000003	2016	12	23	4.03
00000003	2016	12	24	4.05
00000003	2016	12	25	4.06
00000003	2016	12	26	4.07
00000003	2016	12	27	4.07
00000003	2016	12	28	4.09
00000003	2016	12	29	4.13
00000003	2016	12	30	4.24
00000003	2016	12	31	4.27
00000003	2017	1	1	3.78
00000003	2017	1	2	3.21
00000003	2017	1	3	3.02
00000003	2017	1	4	3.17
00000003	2017	1	5	3.31
00000003	2017	1	6	3.35
00000003	2017	1	7	3.33
00000003	2017	1	8	3.5
00000003	2017	1	9	3.55
00000003	2017	1	10	3.52
00000003	2017	1	11	3.45
00000003	2017	1	12	3.46
00000003	2017	1	13	3.51
00000003	2017	1	14	3.58
00000003	2017	1	15	3.64
00000003	2017	1	16	3.67
00000003	2017	1	17	3.68
00000003	2017	1	18	3.7
00000003	2017	1	19	3.71
00000003	2017	1	20	3.55
00000003	2017	1	21	3.47
00000003	2017	1	22	3.27
00000003	2017	1	23	3.28
00000003	2017	1	24	3.47
00000003	2017	1	25	3.57
00000003	2017	1	26	3.59
00000003	2017	1	27	3.67
00000003	2017	1	28	3.74
00000003	2017	1	29	3.78
00000003	2017	1	30	3.84
00000003	2017	1	31	3.88
00000003	2017	2	1	3.91
00000003	2017	2	2	3.93
00000003	2017	2	3	3.95
00000003	2017	2	4	4.01
00000003	2017	2	5	4.05
00000003	2017	2	6	4.06
00000003	2017	2	7	3.97
00000003	2017	2	8	3.7
00000003	2017	2	9	3.75
00000003	2017	2	10	3.87
00000003	2017	2	11	3.9
00000003	2017	2	12	3.92
00000003	2017	2	13	3.98
00000003	2017	2	14	4.02
00000003	2017	2	15	3.99
00000003	2017	2	16	4.08
00000003	2017	2	17	4.15
00000003	2017	2	18	4.1
00000003	2017	2	19	4.08
00000003	2017	2	20	4.12
00000003	2017	2	21	3.9
00000003	2017	2	22	3.66
00000003	2017	2	23	3.68
00000003	2017	2	24	3.74
00000003	2017	2	25	3.81
00000003	2017	2	26	3.91
00000003	2017	2	27	3.94
00000003	2017	2	28	3.95
00000003	2017	3	1	3.95
00000003	2017	3	2	4.02
00000003	2017	3	3	4.16
00000003	2017	3	4	4.24
00000003	2017	3	5	4.26
00000003	2017	3	6	4.21
00000003	2017	3	7	4.15
00000003	2017	3	8	3.98
00000003	2017	3	9	4.02
00000003	2017	3	10	4.1
00000003	2017	3	11	4.2
00000003	2017	3	12	4.24
00000003	2017	3	13	4.22
00000003	2017	3	14	4.16
00000003	2017	3	15	4.28
00000003	2017	3	16	4.35
00000003	2017	3	17	4.38
00000003	2017	3	18	4.38
00000003	2017	3	19	4.41
00000003	2017	3	20	4.45
00000003	2017	3	21	4.47
00000003	2017	3	22	4.49
00000003	2017	3	23	4.53
00000003	2017	3	24	4.52
00000003	2017	3	25	4.45
00000003	2017	3	26	4.17
00000003	2017	3	27	4.15
00000003	2017	3	28	4.18
00000003	2017	3	29	4.22
00000003	2017	3	30	4.2
00000003	2017	3	31	4
00000003	2017	4	1	4.06
00000003	2017	4	2	4.15
00000003	2017	4	3	3.91
00000003	2017	4	4	3.62
00000003	2017	4	5	3.61
00000003	2017	4	6	3.68
00000003	2017	4	7	3.85
00000003	2017	4	8	3.94
00000003	2017	4	9	3.99
00000003	2017	4	10	4
00000003	2017	4	11	4.02
00000003	2017	4	12	4.04
00000003	2017	4	13	4.06
00000003	2017	4	14	4.1
00000003	2017	4	15	4.12
00000003	2017	4	16	4.13
00000003	2017	4	17	4.16
00000003	2017	4	18	4.2
00000003	2017	4	19	4.26
00000003	2017	4	20	4.29
00000003	2017	4	21	4.31
00000003	2017	4	22	4.32
00000003	2017	4	23	4.25
00000003	2017	4	24	4.24
00000003	2017	4	25	4.33
00000003	2017	4	26	4.38
00000003	2017	4	27	4.39
00000003	2017	4	28	4.42
00000003	2017	4	29	4.46
00000003	2017	4	30	4.45
00000003	2017	5	1	4.14
00000003	2017	5	2	4.12
00000003	2017	5	3	4.21
00000003	2017	5	4	3.9
00000003	2017	5	5	3.84
00000003	2017	5	6	3.99
00000003	2017	5	7	4.09
00000003	2017	5	8	4.17
00000003	2017	5	9	4.22
00000003	2017	5	10	4.28
00000003	2017	5	11	4.32
00000003	2017	5	12	4.3
00000003	2017	5	13	4.13
00000003	2017	5	14	4.2
00000003	2017	5	15	4.3
00000003	2017	5	16	4.37
00000003	2017	5	17	4.42
00000003	2017	5	18	4.45
00000003	2017	5	19	4.48
00000003	2017	5	20	4.46
00000003	2017	5	21	3.82
00000003	2017	5	22	3.78
00000003	2017	5	23	3.76
00000003	2017	5	24	3.68
00000003	2017	5	25	3.77
00000003	2017	5	26	3.89
00000003	2017	5	27	3.97
00000003	2017	5	28	4.02
00000003	2017	5	29	3.85
00000003	2017	5	30	3.81
00000003	2017	5	31	3.82
00000003	2017	6	1	3.77
00000003	2017	6	2	3.8
00000003	2017	6	3	3.85
00000003	2017	6	4	3.86
00000003	2017	6	5	3.86
00000003	2017	6	6	3.77
00000003	2017	6	7	3.48
00000003	2017	6	8	3.51
00000003	2017	6	9	3.61
00000003	2017	6	10	3.7
00000003	2017	6	11	3.77
00000003	2017	6	12	3.82
00000003	2017	6	13	3.82
00000003	2017	6	14	3.79
00000003	2017	6	15	3.66
00000003	2017	6	16	3.59
00000003	2017	6	17	3.67
00000003	2017	6	18	3.74
00000003	2017	6	19	3.8
00000003	2017	6	20	3.56
00000003	2017	6	21	2.97
00000003	2017	6	22	2.86
00000003	2017	6	23	2.98
00000003	2017	6	24	3.14
00000003	2017	6	25	3.27
00000003	2017	6	26	3.38
00000003	2017	6	27	3.47
00000003	2017	6	28	3.51
00000003	2017	6	29	3.3
00000003	2017	6	30	3.16
00000003	2017	7	1	3.28
00000003	2017	7	2	3.37
00000003	2017	7	3	3.44
00000003	2017	7	4	3.51
00000003	2017	7	5	3.58
00000003	2017	7	6	3.64
00000003	2017	7	7	3.66
00000003	2017	7	8	3.65
00000003	2017	7	9	3.69
00000003	2017	7	10	3.75
00000003	2017	7	11	3.8
00000003	2017	7	12	3.82
00000003	2017	7	13	3.85
00000003	2017	7	14	3.9
00000003	2017	7	15	3.94
00000003	2017	7	16	3.95
00000003	2017	7	17	3.82
00000003	2017	7	18	3.84
00000003	2017	7	19	3.93
00000003	2017	7	20	4.01
00000003	2017	7	21	4.08
00000003	2017	7	22	4.13
00000003	2017	7	23	4.18
00000003	2017	7	24	4.18
00000003	2017	7	25	4.21
00000003	2017	7	26	4.19
00000003	2017	7	27	3.93
00000003	2017	7	28	3.96
00000003	2017	7	29	4
00000003	2017	7	30	4.08
00000003	2017	7	31	4.17
00000003	2017	8	1	4.24
00000003	2017	8	2	4.31
00000003	2017	8	3	4.3
00000003	2017	8	4	3.66
00000003	2017	8	5	3.24
00000003	2017	8	6	3.27
00000003	2017	8	7	3.31
00000003	2017	8	8	3.37
00000003	2017	8	9	3.43
00000003	2017	8	10	3.48
00000003	2017	8	11	3.49
00000003	2017	8	12	3.49
00000003	2017	8	13	3.45
00000003	2017	8	14	3.53
00000003	2017	8	15	3.49
00000003	2017	8	16	3.4
00000003	2017	8	17	3.46
00000003	2017	8	18	3.54
00000003	2017	8	19	3.59
00000003	2017	8	20	3.63
00000003	2017	8	21	3.68
00000003	2017	8	22	3.71
00000003	2017	8	23	3.72
00000003	2017	8	24	3.76
00000003	2017	8	25	3.81
00000003	2017	8	26	3.86
00000003	2017	8	27	3.9
00000003	2017	8	28	3.95
00000003	2017	8	29	3.88
00000003	2017	8	30	3.25
00000003	2017	8	31	2.99
00000003	2017	9	1	3.09
00000003	2017	9	2	3.22
00000003	2017	9	3	3.3
00000003	2017	9	4	3.36
00000003	2017	9	5	3.4
00000003	2017	9	6	3.45
00000003	2017	9	7	3.52
00000003	2017	9	8	3.57
00000003	2017	9	9	3.62
00000003	2017	9	10	3.68
00000003	2017	9	11	3.79
00000003	2017	9	12	3.92
00000003	2017	9	13	3.96
00000003	2017	9	14	3.99
00000003	2017	9	15	3.98
00000003	2017	9	16	3.97
00000003	2017	9	17	4.02
00000003	2017	9	18	4.06
00000003	2017	9	19	4.11
00000003	2017	9	20	4.14
00000003	2017	9	21	4.18
00000003	2017	9	22	4.23
00000003	2017	9	23	4.28
00000003	2017	9	24	4.3
00000003	2017	9	25	4.3
00000003	2017	9	26	4.32
00000003	2017	9	27	4.38
00000003	2017	9	28	4.44
00000003	2017	9	29	4.49
00000003	2017	9	30	4.53
00000003	2017	10	1	4.56
00000003	2017	10	2	4.55
00000003	2017	10	3	4.54
00000003	2017	10	4	4.6
00000003	2017	10	5	4.64
00000003	2017	10	6	4.66
00000003	2017	10	7	4.56
00000003	2017	10	8	3.45
00000003	2017	10	9	3.33
00000003	2017	10	10	3.49
00000003	2017	10	11	3.62
00000003	2017	10	12	3.71
00000003	2017	10	13	3.78
00000003	2017	10	14	3.86
00000003	2017	10	15	3.85
00000003	2017	10	16	3.82
00000003	2017	10	17	3.93
00000003	2017	10	18	3.99
00000003	2017	10	19	4.04
00000003	2017	10	20	4.11
00000003	2017	10	21	4.14
00000003	2017	10	22	4.04
00000003	2017	10	23	3.49
00000003	2017	10	24	3.51
00000003	2017	10	25	3.63
00000003	2017	10	26	3.76
00000003	2017	10	27	3.81
00000003	2017	10	28	3.28
00000003	2017	10	29	3.32
00000003	2017	10	30	3.47
00000003	2017	10	31	3.57
00000003	2017	11	1	3.59
00000003	2017	11	2	3.58
00000003	2017	11	3	3.61
00000003	2017	11	4	3.64
00000003	2017	11	5	3.68
00000003	2017	11	6	3.71
00000003	2017	11	7	3.75
00000003	2017	11	8	3.79
00000003	2017	11	9	3.83
00000003	2017	11	10	3.88
00000003	2017	11	11	3.93
00000003	2017	11	12	3.94
00000003	2017	11	13	3.96
00000003	2017	11	14	4.01
00000003	2017	11	15	4.04
00000003	2017	11	16	4.08
00000003	2017	11	17	4.12
00000003	2017	11	18	4.13
00000003	2017	11	19	4.15
00000003	2017	11	20	4.24
00000003	2017	11	21	4.26
00000003	2017	11	22	4.27
00000003	2017	11	23	4.32
00000003	2017	11	24	4.36
00000003	2017	11	25	4.4
00000003	2017	11	26	4.45
00000003	2017	11	27	4.51
00000003	2017	11	28	4.53
00000003	2017	11	29	4.55
00000003	2017	11	30	4.56
00000003	2017	12	1	4.56
00000003	2017	12	2	4.59
00000003	2017	12	3	4.61
00000003	2017	12	4	4.61
00000003	2017	12	5	4.58
00000003	2017	12	6	4.41
00000003	2017	12	7	4.38
00000003	2017	12	8	4.2
00000003	2017	12	9	4.08
00000003	2017	12	10	4.18
00000003	2017	12	11	4.27
00000003	2017	12	12	4.3
00000003	2017	12	13	4.35
00000003	2017	12	14	4.36
00000003	2017	12	15	4.38
00000003	2017	12	16	4.42
00000003	2017	12	17	4.42
00000003	2017	12	18	4.28
00000003	2017	12	19	4.25
00000003	2017	12	20	4.26
00000003	2017	12	21	4.3
00000003	2017	12	22	4.35
00000003	2017	12	23	4.35
00000003	2017	12	24	4.4
00000003	2017	12	25	4.51
00000003	2017	12	26	4.58
00000003	2017	12	27	4.57
00000003	2017	12	28	4.6
00000003	2017	12	29	4.62
00000003	2017	12	30	4.63
00000003	2017	12	31	4.64
00000003	2018	1	1	4.67
00000003	2018	1	2	4.76
00000003	2018	1	3	4.78
00000003	2018	1	4	4.8
00000003	2018	1	5	4.84
00000003	2018	1	6	4.85
00000003	2018	1	7	4.83
00000003	2018	1	8	4.63
00000003	2018	1	9	4.41
00000003	2018	1	10	4.41
00000003	2018	1	11	4.41
00000003	2018	1	12	4.15
00000003	2018	1	13	4.25
00000003	2018	1	14	4.4
00000003	2018	1	15	4.47
00000003	2018	1	16	4.49
00000003	2018	1	17	4.54
00000003	2018	1	18	4.6
00000003	2018	1	19	4.6
00000003	2018	1	20	4.58
00000003	2018	1	21	4.55
00000003	2018	1	22	4.49
00000003	2018	1	23	4.42
00000003	2018	1	24	4.53
00000003	2018	1	25	4.63
00000003	2018	1	26	4.67
00000003	2018	1	27	4.62
00000003	2018	1	28	4.13
00000003	2018	1	29	3.97
00000003	2018	1	30	4.07
00000003	2018	1	31	4.16
00000003	2018	2	1	4.17
00000003	2018	2	2	4.19
00000003	2018	2	3	4.27
00000003	2018	2	4	4.15
00000003	2018	2	5	4.14
00000003	2018	2	6	4.21
00000003	2018	2	7	4.14
00000003	2018	2	8	4.04
00000003	2018	2	9	4.09
00000003	2018	2	10	4.03
00000003	2018	2	11	3.49
00000003	2018	2	12	3.29
00000003	2018	2	13	3.47
00000003	2018	2	14	3.55
00000003	2018	2	15	3.59
00000003	2018	2	16	3.61
00000003	2018	2	17	3.66
00000003	2018	2	18	3.7
00000003	2018	2	19	3.74
00000003	2018	2	20	3.77
00000003	2018	2	21	3.77
00000003	2018	2	22	3.82
00000003	2018	2	23	3.85
00000003	2018	2	24	3.88
00000003	2018	2	25	3.86
00000003	2018	2	26	3.8
00000003	2018	2	27	3.81
00000003	2018	2	28	3.84
00000003	2018	3	1	3.85
00000003	2018	3	2	3.93
00000003	2018	3	3	4.03
00000003	2018	3	4	4.1
00000003	2018	3	5	4.11
00000003	2018	3	6	4.06
00000003	2018	3	7	4.08
00000003	2018	3	8	4.18
00000003	2018	3	9	4.24
00000003	2018	3	10	4.23
00000003	2018	3	11	4.11
00000003	2018	3	12	3.95
00000003	2018	3	13	4.08
00000003	2018	3	14	4.17
00000003	2018	3	15	4.23
00000003	2018	3	16	4.25
00000003	2018	3	17	4.22
00000003	2018	3	18	4.2
00000003	2018	3	19	4.13
00000003	2018	3	20	4.14
00000003	2018	3	21	4.28
00000003	2018	3	22	4.42
00000003	2018	3	23	4.5
00000003	2018	3	24	4.51
00000003	2018	3	25	4.5
00000003	2018	3	26	4.52
00000003	2018	3	27	4.53
00000003	2018	3	28	4.5
00000003	2018	3	29	4.48
00000003	2018	3	30	4.47
00000003	2018	3	31	4.57
00000003	2018	4	1	4.62
00000003	2018	4	2	4.65
00000003	2018	4	3	4.67
00000003	2018	4	4	4.65
00000003	2018	4	5	4.72
00000003	2018	4	6	4.78
00000003	2018	4	7	4.52
00000003	2018	4	8	4.28
00000003	2018	4	9	4.31
00000003	2018	4	10	4.36
00000003	2018	4	11	4.45
00000003	2018	4	12	4.53
00000003	2018	4	13	4.57
00000003	2018	4	14	4.55
00000003	2018	4	15	4.17
00000003	2018	4	16	4.2
00000003	2018	4	17	4.34
00000003	2018	4	18	4.4
00000003	2018	4	19	4.45
00000003	2018	4	20	4.56
00000003	2018	4	21	4.62
00000003	2018	4	22	4.59
00000003	2018	4	23	4.51
00000003	2018	4	24	4.6
00000003	2018	4	25	4.7
00000003	2018	4	26	4.77
00000003	2018	4	27	4.83
00000003	2018	4	28	4.89
00000003	2018	4	29	4.97
00000003	2018	4	30	5.05
00000003	2018	5	1	5.07
00000003	2018	5	2	5.08
00000003	2018	5	3	5.1
00000003	2018	5	4	5.12
00000003	2018	5	5	5.15
00000003	2018	5	6	5.19
00000003	2018	5	7	5.27
00000003	2018	5	8	5.32
00000003	2018	5	9	5.36
00000003	2018	5	10	5.38
00000003	2018	5	11	5.43
00000003	2018	5	12	5.45
00000003	2018	5	13	5.47
00000003	2018	5	14	5.41
00000003	2018	5	15	5.38
00000003	2018	5	16	5.38
00000003	2018	5	17	5.38
00000003	2018	5	18	5.36
00000003	2018	5	19	5.42
00000003	2018	5	20	5.49
00000003	2018	5	21	5.53
00000003	2018	5	22	5.51
00000003	2018	5	23	5.47
00000003	2018	5	24	5.35
00000003	2018	5	25	5.38
00000003	2018	5	26	5.36
00000003	2018	5	27	5.26
00000003	2018	5	28	5.24
00000003	2018	5	29	5.13
00000003	2018	5	30	5.14
00000003	2018	5	31	5.24
00000003	2018	6	1	5.34
00000003	2018	6	2	5.43
00000003	2018	6	3	5.51
00000003	2018	6	4	5.59
00000003	2018	6	5	5.59
00000003	2018	6	6	5.5
00000003	2018	6	7	5.54
00000003	2018	6	11	5.62
00000003	2018	6	12	5.49
00000003	2018	6	13	5.09
00000003	2018	6	14	5
00000003	2018	6	15	4.94
00000003	2018	6	16	4.96
00000003	2018	6	17	5.02
00000003	2018	6	18	5.08
00000003	2018	6	19	5.14
00000003	2018	6	20	5.2
00000003	2018	6	21	5.25
00000003	2018	6	22	5.31
00000003	2018	6	23	5.38
00000003	2018	6	24	5.45
00000003	2018	6	25	5.5
00000003	2018	6	26	5.53
00000003	2018	6	27	5.54
00000003	2018	6	28	5.56
00000003	2018	6	29	5.55
00000003	2018	6	30	5.28
00000003	2018	7	1	5.08
00000003	2018	7	2	4.76
00000003	2018	7	3	4.67
00000003	2018	7	4	4.67
00000003	2018	7	5	4.46
00000003	2018	7	6	4.48
00000003	2018	7	7	4.55
00000003	2018	7	8	4.48
00000003	2018	7	9	4.32
00000003	2018	7	10	4.36
00000003	2018	7	11	4.41
00000003	2018	7	12	4.48
00000003	2018	7	13	4.56
00000003	2018	7	14	4.65
00000003	2018	7	15	4.73
00000003	2018	7	16	4.73
00000003	2018	7	17	4.57
00000003	2018	7	18	4.57
00000003	2018	7	19	4.65
00000003	2018	7	20	4.75
00000003	2018	7	21	4.82
00000003	2018	7	22	4.89
00000003	2018	7	23	4.97
00000003	2018	7	24	5.03
00000003	2018	7	25	5.08
00000003	2018	7	26	5.12
00000003	2018	7	27	5.13
00000003	2018	7	28	5.13
00000003	2018	7	29	5.18
00000003	2018	7	30	5.21
00000003	2018	7	31	5.21
00000003	2018	8	1	5
00000003	2018	8	2	4.8
00000003	2018	8	3	4.76
00000003	2018	8	4	4.81
00000003	2018	8	5	4.88
00000003	2018	8	6	4.96
00000003	2018	8	7	5.04
00000003	2018	8	8	5.09
00000003	2018	8	9	5.02
00000003	2018	8	10	4.87
00000003	2018	8	11	4.93
00000003	2018	8	12	5.04
00000003	2018	8	13	5.05
00000003	2018	8	14	5.11
00000003	2018	8	15	5.16
00000003	2018	8	16	5.14
00000003	2018	8	17	5.03
00000003	2018	8	18	5.01
00000003	2018	8	19	4.92
00000003	2018	8	20	4.82
00000003	2018	8	21	4.68
00000003	2018	8	22	4.66
00000003	2018	8	23	4.74
00000003	2018	8	24	4.81
00000003	2018	8	25	4.86
00000003	2018	8	26	4.92
00000003	2018	8	27	4.98
00000003	2018	8	28	5.04
00000003	2018	8	29	5.08
00000003	2018	8	30	5.11
00000003	2018	8	31	5.12
00000003	2018	9	1	4.97
00000003	2018	9	2	4.85
00000003	2018	9	3	4.88
00000003	2018	9	4	4.73
00000003	2018	9	5	3.43
00000003	2018	9	6	3.32
00000003	2018	9	7	3.47
00000003	2018	9	8	3.56
00000003	2018	9	9	3.62
00000003	2018	9	10	3.69
00000003	2018	9	11	3.74
00000003	2018	9	12	3.79
00000003	2018	9	13	3.85
00000003	2018	9	14	3.91
00000003	2018	9	15	3.96
00000003	2018	9	16	3.95
00000003	2018	9	17	3.78
00000003	2018	9	18	3.78
00000003	2018	9	19	3.81
00000003	2018	9	20	3.83
00000003	2018	9	21	3.83
00000003	2018	9	22	3.78
00000003	2018	9	23	3.83
00000003	2018	9	24	3.78
00000003	2018	9	25	3.68
00000003	2018	9	26	3.75
00000003	2018	9	27	3.8
00000003	2018	9	28	3.77
00000003	2018	9	29	3.73
00000003	2018	9	30	3.82
00000003	2018	10	1	3.86
00000003	2018	10	2	3.91
00000003	2018	10	3	3.94
00000003	2018	10	4	3.98
00000003	2018	10	5	4.02
00000003	2018	10	6	4.03
00000003	2018	10	7	4.05
00000003	2018	10	8	4.05
00000003	2018	10	9	3.99
00000003	2018	10	10	3.78
00000003	2018	10	11	3.84
00000003	2018	10	12	4.09
00000003	2018	10	13	4.22
00000003	2018	10	14	4.3
00000003	2018	10	15	4.37
00000003	2018	10	16	4.42
00000003	2018	10	17	4.48
00000003	2018	10	18	4.55
00000003	2018	10	19	4.6
00000003	2018	10	20	4.51
00000003	2018	10	21	4.23
00000003	2018	10	22	4.28
00000003	2018	10	23	4.3
00000003	2018	10	24	4.32
00000003	2018	10	25	4.23
00000003	2018	10	26	3.88
00000003	2018	10	27	3.97
00000003	2018	10	28	4.12
00000003	2018	10	29	4.23
00000003	2018	10	30	4.3
00000003	2018	10	31	4.32
00000003	2018	11	1	4.1
00000003	2018	11	2	3.9
00000003	2018	11	3	4.04
00000003	2018	11	4	4.14
00000003	2018	11	5	4.1
00000003	2018	11	6	4.07
00000003	2018	11	7	4.06
00000003	2018	11	8	3.91
00000003	2018	11	9	3.95
00000003	2018	11	10	4.07
00000003	2018	11	11	4.16
00000003	2018	11	12	4.06
00000003	2018	11	13	3.84
00000003	2018	11	14	3.87
00000003	2018	11	15	3.95
00000003	2018	11	16	4.06
00000003	2018	11	17	4.1
00000003	2018	11	18	4.12
00000003	2018	11	19	4.13
00000003	2018	11	20	4.15
00000003	2018	11	21	4.19
00000003	2018	11	22	4.24
00000003	2018	11	23	4.25
00000003	2018	11	24	4.02
00000003	2018	11	25	3.92
00000003	2018	11	26	3.86
00000003	2018	11	27	3.97
00000003	2018	11	28	4.09
00000003	2018	11	29	4.16
00000003	2018	11	30	4.15
00000003	2018	12	1	3.63
00000003	2018	12	2	3.2
00000003	2018	12	3	3.37
00000003	2018	12	4	3.52
00000003	2018	12	5	3.65
00000003	2018	12	6	3.74
00000003	2018	12	7	3.78
00000003	2018	12	8	3.68
00000003	2018	12	9	3.39
00000003	2018	12	10	3.5
00000003	2018	12	11	3.64
00000003	2018	12	12	3.73
00000003	2018	12	13	3.67
00000003	2018	12	14	3.41
00000003	2018	12	15	3.42
00000003	2018	12	16	3.57
00000003	2018	12	17	3.68
00000003	2018	12	18	3.74
00000003	2018	12	19	3.74
00000003	2018	12	20	3.4
00000003	2018	12	21	3.32
00000003	2018	12	22	3.52
00000003	2018	12	23	3.64
00000003	2018	12	24	3.7
00000003	2018	12	25	3.75
00000003	2018	12	26	3.77
00000003	2018	12	27	3.74
00000003	2018	12	28	3.47
00000003	2018	12	29	3.34
00000003	2018	12	30	3.46
00000003	2018	12	31	3.48
00000003	2019	1	1	3.43
00000003	2019	1	2	3.49
00000003	2019	1	3	3.53
00000003	2019	1	4	3.46
00000003	2019	1	5	3.56
00000003	2019	1	6	3.68
00000003	2019	1	7	3.74
00000003	2019	1	8	3.76
00000003	2019	1	9	3.8
00000003	2019	1	10	3.88
00000003	2019	1	11	3.91
00000003	2019	1	12	3.89
00000003	2019	1	13	3.86
00000003	2019	1	14	3.93
00000003	2019	1	15	4.02
00000003	2019	1	16	4.05
00000003	2019	1	17	4.06
00000003	2019	1	18	4.05
00000003	2019	1	19	4.01
00000003	2019	1	20	4.01
00000003	2019	1	21	4.13
00000003	2019	1	22	4.18
00000003	2019	1	23	4.02
00000003	2019	1	24	3.76
00000003	2019	1	25	3.89
00000003	2019	1	26	4.01
00000003	2019	1	27	4.06
00000003	2019	1	28	4.09
00000003	2019	1	29	4.11
00000003	2019	1	30	4.17
00000003	2019	1	31	4.2
00000003	2019	2	1	4.19
00000003	2019	2	2	4.16
00000003	2019	2	3	4.15
00000003	2019	2	4	4.16
00000003	2019	2	5	4.18
00000003	2019	2	6	4.2
00000003	2019	2	7	4.23
00000003	2019	2	8	4.28
00000003	2019	2	9	4.4
00000003	2019	2	10	4.42
00000003	2019	2	11	4.37
00000003	2019	2	12	4.3
00000003	2019	2	13	4.23
00000003	2019	2	14	4.32
00000003	2019	2	15	4.34
00000003	2019	2	16	4.34
00000003	2019	2	17	4.34
00000003	2019	2	18	4.38
00000003	2019	2	19	4.4
00000003	2019	2	20	4.37
00000003	2019	2	21	4.37
00000003	2019	2	22	4.4
00000003	2019	2	23	4.42
00000003	2019	2	24	4.44
00000003	2019	2	25	4.56
00000003	2019	2	26	4.6
00000003	2019	2	27	4.4
00000003	2019	2	28	4.22
00000003	2019	3	1	4.16
00000003	2019	3	2	4.17
00000003	2019	3	3	4.16
00000003	2019	3	4	4.04
00000003	2019	3	5	4.13
00000003	2019	3	6	4.23
00000003	2019	3	7	4.29
00000003	2019	3	8	4.28
00000003	2019	3	9	4.25
00000003	2019	3	10	4.25
00000003	2019	3	11	4.29
00000003	2019	3	12	4.36
00000003	2019	3	13	4.39
00000003	2019	3	14	4.37
00000003	2019	3	15	4.33
00000003	2019	3	16	4.37
00000003	2019	3	17	4.45
00000003	2019	3	18	4.51
00000003	2019	3	19	4.58
00000003	2019	3	20	4.63
00000003	2019	3	21	4.65
00000003	2019	3	22	4.72
00000003	2019	3	23	4.77
00000003	2019	3	24	4.78
00000003	2019	3	25	4.77
00000003	2019	3	26	4.79
00000003	2019	3	27	4.86
00000003	2019	3	28	4.91
00000003	2019	3	29	4.94
00000003	2019	3	30	4.92
00000003	2019	3	31	4.92
00000003	2019	4	1	4.96
00000003	2019	4	2	4.98
00000003	2019	4	3	5.03
00000003	2019	4	4	4.93
00000003	2019	4	5	4.36
00000003	2019	4	6	4.16
00000003	2019	4	7	4.19
00000003	2019	4	8	4.05
00000003	2019	4	9	3.97
00000003	2019	4	10	4.04
00000003	2019	4	11	4.14
00000003	2019	4	12	4.2
00000003	2019	4	13	4.23
00000003	2019	4	14	4.17
00000003	2019	4	15	4.27
00000003	2019	4	16	4.41
00000003	2019	4	17	4.48
00000003	2019	4	18	4.47
00000003	2019	4	19	4.09
00000003	2019	4	20	4.11
00000003	2019	4	21	4.27
00000003	2019	4	22	4.36
00000003	2019	4	23	4.42
00000003	2019	4	24	4.46
00000003	2019	4	25	4.39
00000003	2019	4	26	4.08
00000003	2019	4	27	4.14
00000003	2019	4	28	4.21
00000003	2019	4	29	4.3
00000003	2019	4	30	4.36
00000003	2019	5	1	4.39
00000003	2019	5	2	4.43
00000003	2019	5	3	4.47
00000003	2019	5	4	4.5
00000003	2019	5	5	4.51
00000003	2019	5	6	4.61
00000003	2019	5	7	4.68
00000003	2019	5	8	4.73
00000003	2019	5	9	4.73
00000003	2019	5	10	4.65
00000003	2019	5	11	4.68
00000003	2019	5	12	4.38
00000003	2019	5	13	4.17
00000003	2019	5	14	4.29
00000003	2019	5	15	4.39
00000003	2019	5	16	4.48
00000003	2019	5	17	4.55
00000003	2019	5	18	4.61
00000003	2019	5	19	4.65
00000003	2019	5	20	4.71
00000003	2019	5	21	4.79
00000003	2019	5	22	4.87
00000003	2019	5	23	4.95
00000003	2019	5	24	5.01
00000003	2019	5	25	5.05
00000003	2019	5	26	5.13
00000003	2019	5	27	5.17
00000003	2019	5	28	5.19
00000003	2019	5	29	5.22
00000003	2019	5	30	5.25
00000003	2019	5	31	5.28
00000003	2019	6	1	5.25
00000003	2019	6	2	5.03
00000003	2019	6	3	5.07
00000003	2019	6	4	5.17
00000003	2019	6	5	5.23
00000003	2019	6	6	4.78
00000003	2019	6	7	4.18
00000003	2019	6	8	4.03
00000003	2019	6	9	4.04
00000003	2019	6	10	4.11
00000003	2019	6	11	4.13
00000003	2019	6	12	4.2
00000003	2019	6	13	4.28
00000003	2019	6	14	4.39
00000003	2019	6	15	4.47
00000003	2019	6	16	4.53
00000003	2019	6	17	4.59
00000003	2019	6	18	4.54
00000003	2019	6	19	4.32
00000003	2019	6	20	4.37
00000003	2019	6	21	4.47
00000003	2019	6	22	4.57
00000003	2019	6	23	4.66
00000003	2019	6	24	4.73
00000003	2019	6	25	4.81
00000003	2019	6	26	4.9
00000003	2019	6	27	4.97
00000003	2019	6	28	5.05
00000003	2019	6	29	5.03
00000003	2019	6	30	4.97
00000003	2019	7	1	5.01
00000003	2019	7	2	5.08
00000003	2019	7	3	5.15
00000003	2019	7	4	5.23
00000003	2019	7	5	5.3
00000003	2019	7	6	5.35
00000003	2019	7	7	5.4
00000003	2019	7	8	5.45
00000003	2019	7	9	5.43
00000003	2019	7	10	5.35
00000003	2019	7	11	5.32
00000003	2019	7	12	5.26
00000003	2019	7	13	4.37
00000003	2019	7	14	4.14
00000003	2019	7	15	4.23
00000003	2019	7	16	4.34
00000003	2019	7	17	4.45
00000003	2019	7	18	4.53
00000003	2019	7	19	4.62
00000003	2019	7	20	4.66
00000003	2019	7	21	4.7
00000003	2019	7	22	4.74
00000003	2019	7	23	4.71
00000003	2019	7	24	4.39
00000003	2019	7	25	4.46
00000003	2019	7	26	4.54
00000003	2019	7	27	4.63
00000003	2019	7	28	4.71
00000003	2019	7	29	4.78
00000003	2019	7	30	4.85
00000003	2019	7	31	4.91
00000003	2019	8	1	4.97
00000003	2019	8	2	5.02
00000003	2019	8	3	5.05
00000003	2019	8	4	5.02
00000003	2019	8	5	4.91
00000003	2019	8	6	4.84
00000003	2019	8	7	4.82
00000003	2019	8	8	4.87
00000003	2019	8	9	4.8
00000003	2019	8	10	4.79
00000003	2019	8	11	4.86
00000003	2019	8	12	4.91
00000003	2019	8	13	4.96
00000003	2019	8	14	5
00000003	2019	8	15	4.96
00000003	2019	8	16	4.65
00000003	2019	8	17	4.67
00000003	2019	8	18	4.68
00000003	2019	8	19	4.32
00000003	2019	8	20	4.07
00000003	2019	8	21	3.92
00000003	2019	8	22	3.97
00000003	2019	8	23	4
00000003	2019	8	24	4.05
00000003	2019	8	25	4.11
00000003	2019	8	26	3.92
00000003	2019	8	27	3.74
00000003	2019	8	28	3.82
00000003	2019	8	29	3.92
00000003	2019	8	30	3.99
00000003	2019	8	31	4.03
00000003	2019	9	1	4.05
00000003	2019	9	2	4.08
00000003	2019	9	3	4.15
00000003	2019	9	4	4.24
00000003	2019	9	5	4.34
00000003	2019	9	6	4.45
00000003	2019	9	7	4.53
00000003	2019	9	8	4.58
00000003	2019	9	9	4.63
00000003	2019	9	10	4.69
00000003	2019	9	11	4.75
00000003	2019	9	12	4.8
00000003	2019	9	13	4.86
00000003	2019	9	14	4.92
00000003	2019	9	15	4.96
00000003	2019	9	16	4.99
00000003	2019	9	17	5.06
00000003	2019	9	18	5.15
00000003	2019	9	19	5.22
00000003	2019	9	20	5.18
00000003	2019	9	21	5.18
00000003	2019	9	22	5.19
00000003	2019	9	23	5.22
00000003	2019	9	24	5.24
00000003	2019	9	25	5.27
00000003	2019	9	26	5.32
00000003	2019	9	27	5.37
00000003	2019	9	28	5.42
00000003	2019	9	29	5.46
00000003	2019	9	30	5.48
00000003	2019	10	1	5.5
00000003	2019	10	2	5.51
00000003	2019	10	3	5.52
00000003	2019	10	4	5.52
00000003	2019	10	5	5.54
00000003	2019	10	6	5.55
00000003	2019	10	7	5.51
00000003	2019	10	8	5.54
00000003	2019	10	9	5.58
00000003	2019	10	10	5.61
00000003	2019	10	11	5.62
00000003	2019	10	12	5.62
00000003	2019	10	13	5.64
00000003	2019	10	14	5.61
00000003	2019	10	15	5.45
00000003	2019	10	16	5.07
00000003	2019	10	17	4.95
00000003	2019	10	18	4.96
00000003	2019	10	19	4.83
00000003	2019	10	20	4.81
00000003	2019	10	21	4.88
00000003	2019	10	22	4.8
00000003	2019	10	23	4.9
00000003	2019	10	24	4.98
00000003	2019	10	25	4.98
00000003	2019	10	26	4.81
00000003	2019	10	27	4.67
00000003	2019	10	28	4.76
00000003	2019	10	29	4.72
00000003	2019	10	30	4.45
00000003	2019	10	31	4.27
00000003	2019	11	1	4.32
00000003	2019	11	2	4.44
00000003	2019	11	3	4.54
00000003	2019	11	4	4.6
00000003	2019	11	5	4.61
00000003	2019	11	6	4.65
00000003	2019	11	7	4.66
00000003	2019	11	8	4.48
00000003	2019	11	9	4.52
00000003	2019	11	10	4.57
00000003	2019	11	11	4.6
00000003	2019	11	12	4.54
00000003	2019	11	13	4.62
00000003	2019	11	14	4.65
00000003	2019	11	15	4.65
00000003	2019	11	16	4.72
00000003	2019	11	17	4.78
00000003	2019	11	18	4.81
00000003	2019	11	19	4.83
00000003	2019	11	20	4.87
00000003	2019	11	21	4.9
00000003	2019	11	22	4.88
00000003	2019	11	23	4.81
00000003	2019	11	24	4.76
00000003	2019	11	25	4.83
00000003	2019	11	26	4.87
00000003	2019	11	27	4.88
00000003	2019	11	28	4.95
00000003	2019	11	29	5.04
00000003	2019	11	30	5.06
00000003	2019	12	1	5.03
00000003	2019	12	2	5.09
00000003	2019	12	3	5.18
00000003	2019	12	4	5.21
00000003	2019	12	5	5.24
00000003	2019	12	6	5.23
00000003	2019	12	7	5.22
00000003	2019	12	8	5.2
00000003	2019	12	9	5.15
00000003	2019	12	10	5.14
00000003	2019	12	11	5.18
00000003	2019	12	12	5.2
00000003	2019	12	13	5.11
00000003	2019	12	14	4.97
00000003	2019	12	15	4.99
00000003	2019	12	16	5.02
00000003	2019	12	17	4.89
00000003	2019	12	18	4.95
00000003	2019	12	19	5.07
00000003	2019	12	20	5.13
00000003	2019	12	21	5
00000003	2019	12	22	4.25
00000003	2019	12	23	4.08
00000003	2019	12	24	4.14
00000003	2019	12	25	4.22
00000003	2019	12	26	4.27
00000003	2019	12	27	4.29
00000003	2019	12	28	4.28
00000003	2019	12	29	4.24
00000003	2019	12	30	4.25
00000003	2019	12	31	4.34
00000003	2020	1	1	4.42
00000003	2020	1	2	4.43
00000003	2020	1	3	4.22
00000003	2020	1	4	4.11
00000003	2020	1	5	4.27
00000003	2020	1	6	4.36
00000003	2020	1	7	4.39
00000003	2020	1	8	4.45
00000003	2020	1	9	4.45
00000003	2020	1	10	4.4
00000003	2020	1	11	4.25
00000003	2020	1	12	4.12
00000003	2020	1	13	3.78
00000003	2020	1	14	3.75
00000003	2020	1	15	3.74
00000003	2020	1	16	3.84
00000003	2020	1	17	3.93
00000003	2020	1	18	3.9
00000003	2020	1	19	3.81
00000003	2020	1	20	3.95
00000003	2020	1	21	4.07
00000003	2020	1	22	4.13
00000003	2020	1	23	4.11
00000003	2020	1	24	4.05
00000003	2020	1	25	4.07
00000003	2020	1	26	4.12
00000003	2020	1	27	4.1
00000003	2020	1	28	4.11
00000003	2020	1	29	4.05
00000003	2020	1	30	4.03
00000003	2020	1	31	4.03
00000003	2020	2	1	4.03
00000003	2020	2	2	4.13
00000003	2020	2	3	4.21
00000003	2020	2	4	4.22
00000003	2020	2	5	4.03
00000003	2020	2	6	3.65
00000003	2020	2	7	3.66
00000003	2020	2	8	3.84
00000003	2020	2	9	3.93
00000003	2020	2	10	3.94
00000003	2020	2	11	3.93
00000003	2020	2	12	3.94
00000003	2020	2	13	3.95
00000003	2020	2	14	4.08
00000003	2020	2	15	4.16
00000003	2020	2	16	4.13
00000003	2020	2	17	4.07
00000003	2020	2	18	4.06
00000003	2020	2	19	4.08
00000003	2020	2	20	4.08
00000003	2020	2	21	4.07
00000003	2020	2	22	4.16
00000003	2020	2	23	4.18
00000003	2020	2	24	4.13
00000003	2020	2	25	4
00000003	2020	2	26	4.03
00000003	2020	2	27	4.14
00000003	2020	2	28	4.24
00000003	2020	2	29	4.31
00000003	2020	3	1	4.35
00000003	2020	3	2	4.32
00000003	2020	3	3	4.26
00000003	2020	3	4	4.18
00000003	2020	3	5	4.13
00000003	2020	3	6	4.21
00000003	2020	3	7	4.36
00000003	2020	3	8	4.45
00000003	2020	3	9	4.43
00000003	2020	3	10	4.4
00000003	2020	3	11	4.42
00000003	2020	3	12	4.44
00000003	2020	3	13	4.48
00000003	2020	3	14	4.54
00000003	2020	3	15	4.59
00000003	2020	3	16	4.63
00000003	2020	3	17	4.66
00000003	2020	3	18	4.69
00000003	2020	3	19	4.7
00000003	2020	3	20	4.71
00000003	2020	3	21	4.78
00000003	2020	3	22	4.84
00000003	2020	3	23	4.86
00000003	2020	3	24	4.88
00000003	2020	3	25	4.89
00000003	2020	3	26	4.95
00000003	2020	3	27	5
00000003	2020	3	28	5.02
00000003	2020	3	29	5.05
00000003	2020	3	30	5.09
00000003	2020	3	31	5.1
00000003	2020	4	1	5.16
00000003	2020	4	2	5.24
00000003	2020	4	3	5.27
00000003	2020	4	4	5.29
00000003	2020	4	5	5.3
00000003	2020	4	6	5.32
00000003	2020	4	7	5.34
00000003	2020	4	8	5.33
00000003	2020	4	9	5.35
00000003	2020	4	10	5.14
00000003	2020	4	11	5.1
00000003	2020	4	12	5.07
00000003	2020	4	13	4.97
00000003	2020	4	14	5.07
00000003	2020	4	15	5.21
00000003	2020	4	16	5.31
00000003	2020	4	17	5.36
00000003	2020	4	18	5.36
00000003	2020	4	19	5.35
00000003	2020	4	20	5.06
00000003	2020	4	21	5.03
00000003	2020	4	22	5.1
00000003	2020	4	23	5.02
00000003	2020	4	24	4.8
00000003	2020	4	25	4.85
00000003	2020	4	26	4.96
00000003	2020	4	27	5.12
00000003	2020	4	28	5.22
00000003	2020	4	29	5.2
00000003	2020	4	30	5.2
00000003	2020	5	1	5.31
00000003	2020	5	2	5.38
00000003	2020	5	3	5.44
00000003	2020	5	4	5.48
00000003	2020	5	5	5.51
00000003	2020	5	6	5.56
00000003	2020	5	7	5.64
00000003	2020	5	8	5.67
00000003	2020	5	9	5.7
00000003	2020	5	10	5.74
00000003	2020	5	11	5.76
00000003	2020	5	12	5.79
00000003	2020	5	13	5.81
00000003	2020	5	14	5.79
00000003	2020	5	15	5.76
00000003	2020	5	16	5.77
00000003	2020	5	17	5.81
00000003	2020	5	18	5.57
00000003	2020	5	19	5.34
00000003	2020	5	20	5.35
00000003	2020	5	21	5.38
00000003	2020	5	22	5.41
00000003	2020	5	23	5.45
00000003	2020	5	24	5.5
00000003	2020	5	25	5.54
00000003	2020	5	26	5.53
00000003	2020	5	27	5.52
00000003	2020	5	28	5.56
00000003	2020	5	29	5.65
00000003	2020	5	30	5.72
00000003	2020	5	31	5.8
00000003	2020	6	1	5.88
00000003	2020	6	2	5.91
00000003	2020	6	3	5.86
00000003	2020	6	4	5.74
00000003	2020	6	5	5.76
00000003	2020	6	6	5.67
00000003	2020	6	7	5.08
00000003	2020	6	8	4.09
00000003	2020	6	9	4.09
00000003	2020	6	10	4.18
00000003	2020	6	11	4.27
00000003	2020	6	12	4.44
00000003	2020	6	13	4.54
00000003	2020	6	14	4.59
00000003	2020	6	15	4.67
00000003	2020	6	16	4.74
00000003	2020	6	17	4.73
00000003	2020	6	18	4.8
00000003	2020	6	19	4.87
00000003	2020	6	20	4.93
00000003	2020	6	21	5
00000003	2020	6	22	5.04
00000003	2020	6	23	4.94
00000003	2020	6	24	4.8
00000003	2020	6	25	4.78
00000003	2020	6	26	4.87
00000003	2020	6	27	4.95
00000003	2020	6	28	5.01
00000003	2020	6	29	5.05
00000003	2020	6	30	5.07
00000003	2020	7	1	5.07
00000003	2020	7	2	5.15
00000003	2020	7	3	5.21
00000003	2020	7	4	5.25
00000003	2020	7	5	5.24
00000003	2020	7	6	5.11
00000003	2020	7	7	4.97
00000003	2020	7	8	5
00000003	2020	7	9	4.87
00000003	2020	7	10	4.93
00000003	2020	7	11	5.05
00000003	2020	7	12	5.16
00000003	2020	7	13	5.17
00000003	2020	7	14	5.22
00000003	2020	7	15	5.17
00000003	2020	7	16	5.12
00000003	2020	7	17	5.19
00000003	2020	7	18	5.27
00000003	2020	7	19	5.29
00000003	2020	7	20	5.32
00000003	2020	7	21	5.35
00000003	2020	7	22	5.37
00000003	2020	7	23	5.28
00000003	2020	7	24	4.77
00000003	2020	7	25	4.26
00000003	2020	7	26	4.29
00000003	2020	7	27	4.28
00000003	2020	7	28	4.14
00000003	2020	7	29	4.05
00000003	2020	7	30	4.1
00000003	2020	7	31	4.18
00000003	2020	8	1	4.26
00000003	2020	8	2	4.33
00000003	2020	8	3	4.4
00000003	2020	8	4	4.49
00000003	2020	8	5	4.57
00000003	2020	8	6	4.65
00000003	2020	8	7	4.72
00000003	2020	8	8	4.75
00000003	2020	8	9	4.79
00000003	2020	8	10	4.82
00000003	2020	8	11	4.84
00000003	2020	8	12	4.59
00000003	2020	8	13	4.6
00000003	2020	8	14	4.56
00000003	2020	8	15	4.35
00000003	2020	8	16	4.4
00000003	2020	8	17	4.5
00000003	2020	8	18	4.57
00000003	2020	8	19	4.61
00000003	2020	8	20	4.64
00000003	2020	8	21	4.69
00000003	2020	8	22	4.75
00000003	2020	8	23	4.68
00000003	2020	8	24	4.43
00000003	2020	8	25	4.05
00000003	2020	8	26	3.99
00000003	2020	8	27	3.99
00000003	2020	8	28	4.06
00000003	2020	8	29	3.94
00000003	2020	8	30	3.9
00000003	2020	8	31	3.99
00000003	2020	9	1	4.07
00000003	2020	9	2	4.15
00000003	2020	9	3	4.23
00000003	2020	9	4	4.3
00000003	2020	9	5	4.36
00000003	2020	9	6	4.43
00000003	2020	9	7	4.47
00000003	2020	9	8	4.5
00000003	2020	9	9	4.55
00000003	2020	9	10	4.6
00000003	2020	9	11	4.5
00000003	2020	9	12	4.44
00000003	2020	9	13	4.43
00000003	2020	9	14	4.21
00000003	2020	9	15	3.43
00000003	2020	9	16	2.06
00000003	2020	9	17	2.24
00000003	2020	9	18	2.66
